Sample	0	1	2	3	4	5	6	7	8	9	10	11	12	13	14	15	16	17	18	19	20	21	22	23	24	25	26	27	28	29	30	31	32	33	34	35	36	37	38	39	40	41	42	43	44	45	46	47	48	49	50	51	52	53	54	55	56	57	58	59	60	61	62	63	64	65	66	67
1D_1	(1, 37.59152590432211)	(2, 37.02007129258314)	(3, 36.7502734232592)	(4, 37.74298213634707)	(5, 37.925831409243735)	(6, 37.577591444890025)	(7, 37.453619313808886)	(8, 37.92334021954875)	(9, 37.67339085348564)	(10, 37.7943897597926)	(15, 37.79297606027464)	(20, 37.837108599667836)	(25, 37.844723943776074)	(30, 37.85046785757687)	(35, 37.89126665856524)	(40, 37.91233442702637)	(45, 37.8531534815895)	(50, 37.86919026208126)	(55, 37.85560416413497)	(60, 37.90536314659537)	(65, 37.68996232835095)	(70, 37.727471948798964)	(75, 37.79871187264553)	(80, 37.75478591971483)	(85, 37.73029124640499)	(90, 37.65649937213918)	(95, 37.862534937416456)	(100, 37.81580183902459)	(105, 37.83524932150524)	(110, 37.83382752055738)	(115, 37.87621420180662)	(120, 37.85953335763762)	(125, 37.83395309272087)	(130, 37.798148823267304)	(135, 37.83623364523838)	(140, 37.826426864341556)	(145, 37.87518937092396)	(150, 37.863827115485876)	(155, 37.81843075302791)	(160, 37.819807996111315)	(165, 37.82740308664479)	(170, 37.82311337951148)	(175, 37.82865880827966)	(180, 37.7802568153279)	(185, 37.770223194393814)	(190, 37.782521164985624)	(195, 37.73686960748572)	(200, 37.790079799084545)	(205, 37.804459837161254)	(210, 37.784250820269776)	(215, 37.74263377486126)	(220, 37.7652367642889)	(225, 37.78207153562604)	(230, 37.73131202657269)	(235, 37.695001417750234)	(240, 37.73363713695467)	(245, 37.76169238870661)	(250, 37.75286588082797)	(255, 37.679304897314374)	(260, 37.75874346822214)	(265, 37.73606351521043)	(270, 37.733017377567144)	(275, 37.71573702758538)	(280, 37.6749463280269)	(285, 37.692279337303034)	(290, 37.71693603921092)	(295, 37.71639324340747)	(300, 37.27850690646899)
1D_2	(1, 37.65732976870417)	(2, 37.81717098067809)	(3, 37.82910033620934)	(4, 37.82008749544295)	(5, 37.81508486247823)	(6, 37.778547413618504)	(7, 37.8831368736582)	(8, 37.769494065702595)	(9, 37.80372260704014)	(10, 37.79461659982987)	(15, 37.80760724267834)	(20, 37.80637177461822)	(25, 37.847802487138985)	(30, 37.870283955118076)	(35, 37.79582371288532)	(40, 37.82788512172399)	(45, 37.79615182079637)	(50, 37.814890428160574)	(55, 37.71825252157005)	(60, 37.75360311094908)	(65, 37.572094624701265)	(70, 37.688978004617816)	(75, 37.776582816867176)	(80, 37.77503544375582)	(85, 37.74006562158221)	(90, 37.754502369668245)	(95, 37.634479685664516)	(100, 37.75916474257706)	(105, 37.765313727872964)	(110, 37.71685907562685)	(115, 37.66699882529266)	(120, 37.764232186981005)	(125, 37.69639891440839)	(130, 37.62616761858468)	(135, 37.741191720338634)	(140, 37.75661684287277)	(145, 37.757665978045125)	(150, 37.76120225219752)	(155, 37.73705594037348)	(160, 37.70859156641147)	(165, 37.72562077206627)	(170, 37.72052092194273)	(175, 37.75116052983351)	(180, 37.698035403248674)	(185, 37.69533357637623)	(190, 37.699339733462956)	(195, 37.67045003443108)	(200, 37.70371855632519)	(205, 37.66034350062786)	(210, 37.514619030258835)	(215, 37.65597682991048)	(220, 37.68831773808077)	(225, 37.645408514602835)	(230, 37.64548952890185)	(235, 37.69788957751043)	(240, 37.617025154939846)	(245, 37.66040831206708)	(250, 37.62296755377324)	(255, 37.570559403734755)	(260, 37.65893790253979)	(265, 37.63446753351967)	(270, 37.5768299104792)	(275, 37.617045408514606)	(280, 37.57031231012273)	(285, 37.51780694292542)	(290, 37.490804877060796)	(295, 37.52735042735043)	(300, 36.969650018228215)
1Q_1	(1, 37.60366546171968)	(2, 37.15796919921862)	(3, 36.72025544010851)	(4, 37.73396847235652)	(5, 37.92413376858528)	(6, 37.59233420080864)	(7, 37.47390759765587)	(8, 37.92070713298332)	(9, 37.68558022415908)	(10, 37.79941721235406)	(15, 37.80044260709859)	(20, 37.84049790053671)	(25, 37.85425376572975)	(30, 37.85767780539565)	(35, 37.893792467891515)	(40, 37.919217065683675)	(45, 37.86267757825125)	(50, 37.8773368291939)	(55, 37.86572780312421)	(60, 37.915585351132805)	(65, 37.763821737070614)	(70, 37.78936574792163)	(75, 37.803103441562236)	(80, 37.76695503189757)	(85, 37.77693640605632)	(90, 37.74399397742833)	(95, 37.88464438920869)	(100, 37.83747363502437)	(105, 37.857934803065795)	(110, 37.86010500561371)	(115, 37.88568016769747)	(120, 37.86698942805039)	(125, 37.841725778294084)	(130, 37.80342533763394)	(135, 37.842958847923576)	(140, 37.833610882163974)	(145, 37.87880612900504)	(150, 37.871096198900624)	(155, 37.82555569256329)	(160, 37.82518187777035)	(165, 37.83389124325868)	(170, 37.83038672957485)	(175, 37.83893514702733)	(180, 37.787847125325314)	(185, 37.7764587538209)	(190, 37.78889847943045)	(195, 37.749593411514276)	(200, 37.792255024758745)	(205, 37.806275675430115)	(210, 37.79346213502761)	(215, 37.751431334246234)	(220, 37.774202885382934)	(225, 37.78227624653605)	(230, 37.74004555867789)	(235, 37.71158631162915)	(240, 37.74461440614718)	(245, 37.766235957608366)	(250, 37.76426045026511)	(255, 37.68644726680382)	(260, 37.76291575538495)	(265, 37.74112806401578)	(270, 37.73346486076048)	(275, 37.72227637633285)	(280, 37.682540383030364)	(285, 37.69916216163596)	(290, 37.72059940163673)	(295, 37.72266836267822)	(300, 37.3109866503988)
1Q_2	(1, 37.684853362061695)	(2, 37.83093966395608)	(3, 37.8439842426681)	(4, 37.82855140277895)	(5, 37.828097113968084)	(6, 37.80077488691454)	(7, 37.892424409586795)	(8, 37.77697015322513)	(9, 37.81526021014103)	(10, 37.822206935043184)	(15, 37.828844743553965)	(20, 37.827222283515155)	(25, 37.86202080642754)	(30, 37.886194163037764)	(35, 37.819488989986176)	(40, 37.85217442094402)	(45, 37.82179158527326)	(50, 37.84029801345993)	(55, 37.75083946082408)	(60, 37.77197038036953)	(65, 37.618020988143066)	(70, 37.71662761946173)	(75, 37.79791416537411)	(80, 37.80180287759513)	(85, 37.763972301362216)	(90, 37.77550864122217)	(95, 37.712292406238035)	(100, 37.78585863830174)	(105, 37.787701752905825)	(110, 37.75928404083407)	(115, 37.702477171987255)	(120, 37.77911699234848)	(125, 37.734934160571626)	(130, 37.67429309416109)	(135, 37.764561578848316)	(140, 37.775210108575024)	(145, 37.775236067935644)	(150, 37.7824164270834)	(155, 37.75569126532414)	(160, 37.73410086509569)	(165, 37.74788788152148)	(170, 37.737228968050516)	(175, 37.76565446793046)	(180, 37.72363145495727)	(185, 37.71718834165115)	(190, 37.72389104856347)	(195, 37.70001103272826)	(200, 37.73042501963177)	(205, 37.68969737875356)	(210, 37.55745779981439)	(215, 37.68669388072972)	(220, 37.71281418938651)	(225, 37.66962040924932)	(230, 37.67021228267147)	(235, 37.71962073374133)	(240, 37.650096374126306)	(245, 37.677685982594255)	(250, 37.653294567354806)	(255, 37.60146670387508)	(260, 37.678161038893606)	(265, 37.657878990440466)	(270, 37.60258036044572)	(275, 37.6403719976377)	(280, 37.595716705497544)	(285, 37.54139933933427)	(290, 37.51898602737414)	(295, 37.561767053677464)	(300, 36.9488795290972)
1Z_1	(1, 37.58712277597562)	(2, 37.16815098790917)	(3, 36.721753661653395)	(4, 37.74858940332252)	(5, 37.91609161505947)	(6, 37.615452668829256)	(7, 37.5076575248206)	(8, 37.932193060060946)	(9, 37.679288312198956)	(10, 37.807749926275434)	(15, 37.79194731151086)	(20, 37.84097119826994)	(25, 37.85156001179593)	(30, 37.85306595891085)	(35, 37.890958419345324)	(40, 37.9146996952718)	(45, 37.85310921065566)	(50, 37.87169173301877)	(55, 37.860296864248504)	(60, 37.90720927946525)	(65, 37.78020642878207)	(70, 37.83410989875159)	(75, 37.84446672564632)	(80, 37.81585373046299)	(85, 37.8126491693699)	(90, 37.776785608964914)	(95, 37.89610537697828)	(100, 37.8450132704217)	(105, 37.858783053179984)	(110, 37.859946918313184)	(115, 37.88072741570825)	(120, 37.8638395753465)	(125, 37.834239653986046)	(130, 37.80165143025656)	(135, 37.83799469183132)	(140, 37.82955273763885)	(145, 37.87552541040007)	(150, 37.86543988990465)	(155, 37.821893246829845)	(160, 37.818279760149416)	(165, 37.8291280841443)	(170, 37.82279366951735)	(175, 37.83384645630591)	(180, 37.78113044333038)	(185, 37.77366755136144)	(190, 37.785329794554215)	(195, 37.73679347291851)	(200, 37.78866017890495)	(205, 37.801270028506835)	(210, 37.78304924800943)	(215, 37.750016710901406)	(220, 37.77553524034208)	(225, 37.78387103116092)	(230, 37.73601494151184)	(235, 37.70159441659294)	(240, 37.74182640322422)	(245, 37.76426619482945)	(250, 37.76163963432616)	(255, 37.68072348373145)	(260, 37.75979160522952)	(265, 37.72880762803499)	(270, 37.73634129558636)	(275, 37.71394475572594)	(280, 37.67728693600708)	(285, 37.69610930895508)	(290, 37.71367344932665)	(295, 37.71073626265605)	(300, 37.314371375208886)
1Z_2	(1, 37.58319079917428)	(2, 37.808689668730956)	(3, 37.80808021232675)	(4, 37.80060945640421)	(5, 37.784114813722596)	(6, 37.73003047282021)	(7, 37.88158851862774)	(8, 37.72218617910154)	(9, 37.78566794455913)	(10, 37.76393590877814)	(15, 37.77209869261772)	(20, 37.77451292637373)	(25, 37.825483141649464)	(30, 37.86391821488253)	(35, 37.77154428388873)	(40, 37.80414823552541)	(45, 37.77017202398506)	(50, 37.79393689177234)	(55, 37.68388872505652)	(60, 37.72622038729971)	(65, 37.5147114912022)	(70, 37.64389265703332)	(75, 37.7482119335496)	(80, 37.749595989383664)	(85, 37.70721321144206)	(90, 37.73306202693404)	(95, 37.68844588616927)	(100, 37.747669320751)	(105, 37.74275434974934)	(110, 37.71416887840361)	(115, 37.62879779809299)	(120, 37.735275729873194)	(125, 37.668935417281034)	(130, 37.612523346112255)	(135, 37.71554113830728)	(140, 37.73015236410105)	(145, 37.73180772633441)	(150, 37.73802811363413)	(155, 37.706619482945044)	(160, 37.6785373046299)	(165, 37.69275926472034)	(170, 37.682555784920865)	(175, 37.71587142435859)	(180, 37.662203872997154)	(185, 37.66145679740489)	(190, 37.66207411776271)	(195, 37.64515875356336)	(200, 37.67048854811756)	(205, 37.626084734100075)	(210, 37.472010223139684)	(215, 37.628809594023394)	(220, 37.65536223336282)	(225, 37.60929126118156)	(230, 37.606220387299715)	(235, 37.66281332940136)	(240, 37.58138208984567)	(245, 37.613663619384646)	(250, 37.58285264916937)	(255, 37.526656836724655)	(260, 37.62582522363118)	(265, 37.59521085225597)	(270, 37.53288115600118)	(275, 37.57544087289885)	(280, 37.520872898849895)	(285, 37.477758773223236)	(290, 37.45652216651921)	(295, 37.48803696058193)	(300, 36.94810773616436)
2D_1	(1, 37.64641087143657)	(2, 37.16540329118367)	(3, 36.8487543145596)	(4, 37.71821851520647)	(5, 37.926855156159895)	(6, 37.62120465011324)	(7, 37.54829381628542)	(8, 37.92384645600194)	(9, 37.663426742329904)	(10, 37.804100189715264)	(15, 37.79873467443357)	(20, 37.84392535080608)	(25, 37.8514170141994)	(30, 37.855097657392626)	(35, 37.89184391532181)	(40, 37.9139277744812)	(45, 37.86456503388966)	(50, 37.87823790460749)	(55, 37.86248903078067)	(60, 37.91216601338871)	(65, 37.684380667429984)	(70, 37.63913316005449)	(75, 37.66904298262476)	(80, 37.57345657860647)	(85, 37.53515248259551)	(90, 37.50425647497347)	(95, 37.763165152566174)	(100, 37.69867867918064)	(105, 37.78111372050847)	(110, 37.803775918698236)	(115, 37.87916725865628)	(120, 37.863729283845785)	(125, 37.83865343952931)	(130, 37.80773403090604)	(135, 37.83857989352545)	(140, 37.83491596533308)	(145, 37.878080783599245)	(150, 37.87199986627999)	(155, 37.827277209932056)	(160, 37.82488027880622)	(165, 37.836172933399084)	(170, 37.831044771129854)	(175, 37.838151989502975)	(180, 37.78446006368416)	(185, 37.7853961037333)	(190, 37.795167693246306)	(195, 37.75260461501175)	(200, 37.798898481442166)	(205, 37.81272513016807)	(210, 37.796234110302294)	(215, 37.75100666092785)	(220, 37.77510634919308)	(225, 37.78498825771188)	(230, 37.73898523229672)	(235, 37.703947247457236)	(240, 37.74209756546013)	(245, 37.76967731690806)	(250, 37.76001270340067)	(255, 37.68833543663761)	(260, 37.763609771589515)	(265, 37.7383199752618)	(270, 37.73965048933165)	(275, 37.72511178156837)	(280, 37.68649010054073)	(285, 37.70018971525996)	(290, 37.71956240127703)	(295, 37.728284288734926)	(300, 37.2732819068473)
2D_2	(1, 37.62264214018871)	(2, 37.814597210266356)	(3, 37.81822436545678)	(4, 37.804267339724035)	(5, 37.807042029869706)	(6, 37.72856510074967)	(7, 37.893976749433776)	(8, 37.744193626570166)	(9, 37.799871294493244)	(10, 37.77671433227751)	(15, 37.78910683392811)	(20, 37.79943336147026)	(25, 37.84148496067796)	(30, 37.86995729317276)	(35, 37.79555548126666)	(40, 37.82787560696347)	(45, 37.79562568427035)	(50, 37.81645591836393)	(55, 37.718639733228585)	(60, 37.75351725405965)	(65, 37.59062622750788)	(70, 37.69858173217555)	(75, 37.77438760415536)	(80, 37.77702523129383)	(85, 37.740492925375875)	(90, 37.752236884992435)	(95, 37.62619574937527)	(100, 37.75168863296365)	(105, 37.76568911769868)	(110, 37.672854002824835)	(115, 37.665542861441004)	(120, 37.7564457222134)	(125, 37.68579475650422)	(130, 37.610774489565664)	(135, 37.736798910181946)	(140, 37.748857111815)	(145, 37.755573199167586)	(150, 37.756713162227435)	(155, 37.729410879794074)	(160, 37.70884474271435)	(165, 37.71911778225369)	(170, 37.71551402806449)	(175, 37.74532690362966)	(180, 37.69291868987823)	(185, 37.69380124192456)	(190, 37.69145779880154)	(195, 37.66751188854438)	(200, 37.7009218322984)	(205, 37.65761995102505)	(210, 37.49301062238305)	(215, 37.646337325432704)	(220, 37.676554704019125)	(225, 37.632818232722954)	(230, 37.63254744970874)	(235, 37.68552731649019)	(240, 37.61033655654267)	(245, 37.64260319423666)	(250, 37.61372301572046)	(255, 37.558673831830376)	(260, 37.64280043124702)	(265, 37.61954652202619)	(270, 37.569381461392524)	(275, 37.59986293699281)	(280, 37.55703910474456)	(285, 37.498743867684055)	(290, 37.46543087093512)	(295, 37.504470426984696)	(300, 36.920846113344425)
2Q_1	(1, 37.65869300238241)	(2, 37.046013629563966)	(3, 36.604216300072025)	(4, 37.735483960330214)	(5, 37.92325059560086)	(6, 37.579187212587954)	(7, 37.472228378303505)	(8, 37.92463571388997)	(9, 37.6688736218073)	(10, 37.776289545127156)	(15, 37.78412931464347)	(20, 37.82743088259737)	(25, 37.84217962213974)	(30, 37.845490054850686)	(35, 37.885121059338466)	(40, 37.910368995512215)	(45, 37.84849576153804)	(50, 37.86339963432877)	(55, 37.85414704415757)	(60, 37.90419136794282)	(65, 37.57789905257909)	(70, 37.473092692115905)	(75, 37.48537592110367)	(80, 37.39248988863649)	(85, 37.42330323009585)	(90, 37.38386614216854)	(95, 37.777059670895895)	(100, 37.75748240899773)	(105, 37.80253476646905)	(110, 37.82008698542855)	(115, 37.87532273256136)	(120, 37.85866252978005)	(125, 37.83259183334256)	(130, 37.796143830683135)	(135, 37.83632888248657)	(140, 37.82866917834782)	(145, 37.87501800653776)	(150, 37.86772397362735)	(155, 37.814906643027314)	(160, 37.82112859438196)	(165, 37.830192808465846)	(170, 37.82547232533658)	(175, 37.832483794116015)	(180, 37.779245387556095)	(185, 37.77021995678432)	(190, 37.78589395534379)	(195, 37.74359521303119)	(200, 37.78817108981107)	(205, 37.805025209152866)	(210, 37.787761094797496)	(215, 37.74795002493213)	(220, 37.78081611169594)	(225, 37.77921768519031)	(230, 37.735212477145545)	(235, 37.704232921491496)	(240, 37.74445398637044)	(245, 37.76350767355532)	(250, 37.7603579145659)	(255, 37.685863482741425)	(260, 37.75811125270098)	(265, 37.7370740761261)	(270, 37.73330101390659)	(275, 37.71934179178902)	(280, 37.684672281012794)	(285, 37.69640423292149)	(290, 37.71549116294531)	(295, 37.719050916948305)	(300, 37.30825114964818)
2Q_2	(1, 37.75297800432157)	(2, 37.8194082774669)	(3, 37.862222283783034)	(4, 37.84759543465012)	(5, 37.83884148706299)	(6, 37.84028201008366)	(7, 37.87503462795723)	(8, 37.81156850795058)	(9, 37.809006039115744)	(10, 37.835677876890685)	(15, 37.84867028644246)	(20, 37.84538755609729)	(25, 37.87222560806693)	(30, 37.88258629286942)	(35, 37.83358634827415)	(40, 37.866441354091634)	(45, 37.837118399911354)	(50, 37.84819380575101)	(55, 37.77646684026816)	(60, 37.78752562468834)	(65, 37.65375367056347)	(70, 37.73960607235858)	(75, 37.808255305003044)	(80, 37.8054268934567)	(85, 37.78020111917557)	(90, 37.78761981273201)	(95, 37.592728128982216)	(100, 37.77776885145992)	(105, 37.796110587844204)	(110, 37.74978392154689)	(115, 37.715953792453874)	(120, 37.79033464457864)	(125, 37.74550667627015)	(130, 37.68916006426949)	(135, 37.77863593550889)	(140, 37.78564186381517)	(145, 37.79253144218516)	(150, 37.790836057399304)	(155, 37.77064380298077)	(160, 37.74659814948196)	(165, 37.75762646129979)	(170, 37.75144329325724)	(175, 37.77930633276081)	(180, 37.74161726411436)	(185, 37.73654219070309)	(190, 37.7410909191645)	(195, 37.71706188708516)	(200, 37.73843980275916)	(205, 37.70926367111751)	(210, 37.585580918610454)	(215, 37.70406116682365)	(220, 37.72794614660093)	(225, 37.68665854063937)	(230, 37.688173860047655)	(235, 37.73261122499862)	(240, 37.66311984043437)	(245, 37.699493046706195)	(250, 37.67081555764862)	(255, 37.62179068092415)	(260, 37.70196409773395)	(265, 37.6821679871461)	(270, 37.62715939941271)	(275, 37.66241343010693)	(280, 37.62518976120561)	(285, 37.571430550168984)	(290, 37.55117181007258)	(295, 37.586495096681254)	(300, 36.9998476369882)
2Z_1	(1, 37.649605091297985)	(2, 37.08256703805324)	(3, 36.51689648220062)	(4, 37.72632520139906)	(5, 37.92029944686484)	(6, 37.53366585727184)	(7, 37.40029979750519)	(8, 37.91733653584859)	(9, 37.695065613576794)	(10, 37.76678559218773)	(15, 37.785260832595526)	(20, 37.82290558131788)	(25, 37.84159471234342)	(30, 37.8468543176977)	(35, 37.887360291732776)	(40, 37.91164564285526)	(45, 37.84779403385433)	(50, 37.868092604118274)	(55, 37.856279530492564)	(60, 37.907771066910946)	(65, 37.78018706663043)	(70, 37.840967066104476)	(75, 37.871476283562856)	(80, 37.842376640339424)	(85, 37.829967478106894)	(90, 37.78222779350789)	(95, 37.89551618643547)	(100, 37.84044110556904)	(105, 37.8532850618442)	(110, 37.852692479640936)	(115, 37.88034748459374)	(120, 37.86096057925787)	(125, 37.83134900111328)	(130, 37.79809426965997)	(135, 37.8357881080323)	(140, 37.82335440097478)	(145, 37.873741420268765)	(150, 37.86475801432366)	(155, 37.8145287831903)	(160, 37.81847348720601)	(165, 37.83202924340577)	(170, 37.81975332450888)	(175, 37.82580888347344)	(180, 37.77168403797435)	(185, 37.767613103430136)	(190, 37.77550952426869)	(195, 37.739821348738126)	(200, 37.784166834681834)	(205, 37.79783479579582)	(210, 37.78488915381716)	(215, 37.7380085380927)	(220, 37.766890784294816)	(225, 37.775046678997526)	(230, 37.72736309685563)	(235, 37.69373668662395)	(240, 37.73102378218221)	(245, 37.75885761371705)	(250, 37.749376298465066)	(255, 37.67236515686773)	(260, 37.74735661000902)	(265, 37.724642127685684)	(270, 37.72872007503703)	(275, 37.71325683529546)	(280, 37.66596947675693)	(285, 37.68197270264821)	(290, 37.70669986062046)	(295, 37.706727911849015)	(300, 37.25691418953865)
2Z_2	(1, 37.639629373142704)	(2, 37.812319748941505)	(3, 37.8374781945528)	(4, 37.8163696450643)	(5, 37.821261078043776)	(6, 37.787687263865635)	(7, 37.881658879528736)	(8, 37.76966434951831)	(9, 37.789440465650394)	(10, 37.797592853949524)	(15, 37.81102237962078)	(20, 37.81315427299105)	(25, 37.85050799021713)	(30, 37.87376947149732)	(35, 37.80325920211787)	(40, 37.83896140326271)	(45, 37.80282791447881)	(50, 37.82568265294494)	(55, 37.726826617109495)	(60, 37.75348580344855)	(65, 37.58316575646274)	(70, 37.69064053227206)	(75, 37.780895360151476)	(80, 37.77929293372021)	(85, 37.73902890153143)	(90, 37.75949928557027)	(95, 37.71100572420382)	(100, 37.76773933395864)	(105, 37.768787748625925)	(110, 37.74208648544404)	(115, 37.6687675868054)	(120, 37.7591626708276)	(125, 37.69940654119586)	(130, 37.63177853555055)	(135, 37.74848216555485)	(140, 37.75428175705883)	(145, 37.75704830947518)	(150, 37.763321265461045)	(155, 37.73236322834577)	(160, 37.70506237015349)	(165, 37.724880563128416)	(170, 37.71189284430692)	(175, 37.74542107523865)	(180, 37.691590767639404)	(185, 37.68981302102966)	(190, 37.6968012833437)	(195, 37.66546455464292)	(200, 37.69669959764019)	(205, 37.66123583193808)	(210, 37.50123162425379)	(215, 37.65006092376203)	(220, 37.68069987815248)	(225, 37.629990269730094)	(230, 37.63064246079402)	(235, 37.68618739973878)	(240, 37.61175346476502)	(245, 37.64155438870237)	(250, 37.612882526714415)	(255, 37.55641540363088)	(260, 37.64946132875163)	(265, 37.62329303891231)	(270, 37.568807033845566)	(275, 37.605024676315125)	(280, 37.55618047459172)	(285, 37.503258325516974)	(290, 37.47585578162119)	(295, 37.518714552451414)	(300, 36.94827178134067)
3D_1	(1, 37.59798702083348)	(2, 37.10546105894645)	(3, 36.915777577174865)	(4, 37.78245324727942)	(5, 37.93263059131263)	(6, 37.58441078422313)	(7, 37.47810387598001)	(8, 37.9192960259299)	(9, 37.70355469943918)	(10, 37.81694399624699)	(15, 37.80738803158785)	(20, 37.84834703988286)	(25, 37.8575589784415)	(30, 37.86264260379424)	(35, 37.89780434581731)	(40, 37.92001251004001)	(45, 37.86223887068458)	(50, 37.88157256889407)	(55, 37.870776972996794)	(60, 37.91642155991669)	(65, 37.733661248018656)	(70, 37.71986608570799)	(75, 37.72409391059586)	(80, 37.643230717834626)	(85, 37.63126088409022)	(90, 37.58868978654745)	(95, 37.80323128647281)	(100, 37.755590779531865)	(105, 37.80123252326085)	(110, 37.8264288811333)	(115, 37.881123344729794)	(120, 37.8698927406228)	(125, 37.84538159176043)	(130, 37.81828882554892)	(135, 37.84767604682736)	(140, 37.84128739684548)	(145, 37.88405183137034)	(150, 37.877577885661076)	(155, 37.827139678861585)	(160, 37.83067376516665)	(165, 37.84140965405474)	(170, 37.836652995657026)	(175, 37.845972975470374)	(180, 37.79350473035888)	(185, 37.78424730074563)	(190, 37.79787755798333)	(195, 37.76664510580224)	(200, 37.80290147632688)	(205, 37.81484287816216)	(210, 37.800698003369185)	(215, 37.7591817296552)	(220, 37.780690468913264)	(225, 37.79058193010015)	(230, 37.748562411594534)	(235, 37.72016177756296)	(240, 37.75169276478992)	(245, 37.77567223695153)	(250, 37.77432172126778)	(255, 37.70210751526438)	(260, 37.76990624577964)	(265, 37.75124069743473)	(270, 37.7509961830162)	(275, 37.735497949348556)	(280, 37.696466624492665)	(285, 37.714344608954626)	(290, 37.73386027138257)	(295, 37.73412468813749)	(300, 37.300461307725655)
3D_2	(1, 37.68206017613568)	(2, 37.83655917035689)	(3, 37.844946583550716)	(4, 37.8291953058918)	(5, 37.82785900616262)	(6, 37.77325552467534)	(7, 37.88821994924904)	(8, 37.78137283473242)	(9, 37.8159744681456)	(10, 37.81149928564828)	(15, 37.814777484771156)	(20, 37.81954551593253)	(25, 37.85447127310981)	(30, 37.88030734893771)	(35, 37.81344402823289)	(40, 37.84316105965725)	(45, 37.81163007243029)	(50, 37.83505512236383)	(55, 37.74286181381364)	(60, 37.77269257287454)	(65, 37.60516039150739)	(70, 37.70533738014173)	(75, 37.79579065585307)	(80, 37.79480406860619)	(85, 37.76002900054731)	(90, 37.77120842721787)	(95, 37.680408282215126)	(100, 37.77586557393362)	(105, 37.785279379047104)	(110, 37.7228912408396)	(115, 37.70144789497253)	(120, 37.78083547164984)	(125, 37.720883948054905)	(130, 37.657119705445425)	(135, 37.76063744340273)	(140, 37.77177422220958)	(145, 37.77533674042378)	(150, 37.78112547712298)	(155, 37.750271169333345)	(160, 37.73022098701372)	(165, 37.74533538990809)	(170, 37.73670914867756)	(175, 37.764239766289705)	(180, 37.719305977098095)	(185, 37.72132748583736)	(190, 37.72266378556654)	(195, 37.69619936454683)	(200, 37.72610688976238)	(205, 37.68830098019007)	(210, 37.53544535031666)	(215, 37.67677468422811)	(220, 37.702676153447015)	(225, 37.66218627165267)	(230, 37.666931557286745)	(235, 37.71540796235615)	(240, 37.64545124993781)	(245, 37.67315245900474)	(250, 37.64212755976032)	(255, 37.594248224782675)	(260, 37.67467072295237)	(265, 37.64901661134291)	(270, 37.6031530987227)	(275, 37.63653216004322)	(280, 37.59466901703782)	(285, 37.533293054795394)	(290, 37.51082047381776)	(295, 37.55397158230682)	(300, 36.94572348546774)
3Q_1	(1, 37.57391755984702)	(2, 37.07763980043124)	(3, 36.80943387317626)	(4, 37.721862851566804)	(5, 37.9217306451359)	(6, 37.556132647119)	(7, 37.47290555109621)	(8, 37.90961172230354)	(9, 37.66430583754348)	(10, 37.799354706706325)	(15, 37.799389332200136)	(20, 37.83869556321514)	(25, 37.85456033492296)	(30, 37.85698097171727)	(35, 37.89280576671861)	(40, 37.916946031446244)	(45, 37.856795253159575)	(50, 37.87618867746353)	(55, 37.86594582684105)	(60, 37.91358421077483)	(65, 37.6782693548641)	(70, 37.69312683947936)	(75, 37.785202323055856)	(80, 37.737513574767455)	(85, 37.71897319672003)	(90, 37.6513873805814)	(95, 37.86261233611911)	(100, 37.822714323937234)	(105, 37.846439082739195)	(110, 37.84892267497678)	(115, 37.885666619450085)	(120, 37.86983962100823)	(125, 37.84232809229268)	(130, 37.80465240725876)	(135, 37.844493759541685)	(140, 37.835569825456034)	(145, 37.88145804806648)	(150, 37.875219163636935)	(155, 37.8216251947684)	(160, 37.82128838314683)	(165, 37.83666839794135)	(170, 37.83217337929081)	(175, 37.83761902513496)	(180, 37.786335521034985)	(185, 37.776533358515515)	(190, 37.7898389914538)	(195, 37.7528306341187)	(200, 37.79413884823016)	(205, 37.80853990588161)	(210, 37.79466452618159)	(215, 37.754083447440074)	(220, 37.78006830665596)	(225, 37.78488439806726)	(230, 37.73886396902592)	(235, 37.70628137935377)	(240, 37.74487621385964)	(245, 37.77069109337866)	(250, 37.76549097376331)	(255, 37.691197255142676)	(260, 37.76225506397847)	(265, 37.73847994082188)	(270, 37.737922785148804)	(275, 37.72276311440578)	(280, 37.6872153233549)	(285, 37.702223901034046)	(290, 37.72057226497946)	(295, 37.72303697058407)	(300, 37.326715142358)
3Q_2	(1, 37.559941451437744)	(2, 37.8119835686293)	(3, 37.78736799030486)	(4, 37.77995498685805)	(5, 37.7943560445095)	(6, 37.713993421156175)	(7, 37.88310748068055)	(8, 37.71306482836772)	(9, 37.76410595401105)	(10, 37.748241182303225)	(15, 37.76273982089176)	(20, 37.77238774257519)	(25, 37.82459039614712)	(30, 37.85145033602468)	(35, 37.774087539543885)	(40, 37.810884996143976)	(45, 37.76856949493996)	(50, 37.793842957646724)	(55, 37.68466877567401)	(60, 37.717075090104984)	(65, 37.544788076239044)	(70, 37.65383949509735)	(75, 37.7412783102759)	(80, 37.74094464642649)	(85, 37.69588114012308)	(90, 37.71832790342635)	(95, 37.56779829075971)	(100, 37.718041456159405)	(105, 37.72535687866912)	(110, 37.678665974156786)	(115, 37.62995105214285)	(120, 37.71350866424288)	(125, 37.66220627350992)	(130, 37.610809449612034)	(135, 37.69904465114815)	(140, 37.713360718951165)	(145, 37.71432078946126)	(150, 37.72468010765381)	(155, 37.68470969671215)	(160, 37.655067126241406)	(165, 37.67253411398083)	(170, 37.66470560460834)	(175, 37.69821049152462)	(180, 37.643344822701735)	(185, 37.64859215889954)	(190, 37.647994082188326)	(195, 37.617297008042556)	(200, 37.65100650014952)	(205, 37.607608165321)	(210, 37.45522451484961)	(215, 37.603276830822985)	(220, 37.638374490454375)	(225, 37.583634732518064)	(230, 37.57857941042228)	(235, 37.641289327478475)	(240, 37.558222767836064)	(245, 37.59110124809166)	(250, 37.55246549254765)	(255, 37.49698286038057)	(260, 37.593883878684856)	(265, 37.57175504037018)	(270, 37.50013063254481)	(275, 37.547718652123955)	(280, 37.49600075546532)	(285, 37.4287045343658)	(290, 37.40327997859515)	(295, 37.44094622031257)	(300, 36.78141870091443)
3Z_1	(1, 37.61327504276753)	(2, 37.11361338148641)	(3, 36.89277323702718)	(4, 37.7519863143889)	(5, 37.93120699486789)	(6, 37.60891085344991)	(7, 37.51633529747196)	(8, 37.93056833301654)	(9, 37.71130963695115)	(10, 37.80535715643414)	(15, 37.801357916745864)	(20, 37.84463790153963)	(25, 37.85788861433188)	(30, 37.861091047329396)	(35, 37.8946329595134)	(40, 37.92030412469112)	(45, 37.86225584489641)	(50, 37.877334347082304)	(55, 37.8673712222011)	(60, 37.914026991066336)	(65, 37.81074320471394)	(70, 37.860607489070524)	(75, 37.86703364379396)	(80, 37.83763695114997)	(85, 37.83524348983083)	(90, 37.80048812012925)	(95, 37.89997643033644)	(100, 37.84449192168789)	(105, 37.86053449914465)	(110, 37.86295229043908)	(115, 37.88529937274282)	(120, 37.869615662421594)	(125, 37.841155673826265)	(130, 37.80838927960464)	(135, 37.843819806120514)	(140, 37.83016764873598)	(145, 37.879487549895465)	(150, 37.871945257555595)	(155, 37.8190458087816)	(160, 37.82149705379205)	(165, 37.83444364189318)	(170, 37.83359209275803)	(175, 37.83893252233416)	(180, 37.78458848127732)	(185, 37.77783387188747)	(190, 37.78642843565862)	(195, 37.75181296331496)	(200, 37.79180536019768)	(205, 37.8030731800038)	(210, 37.79204561870367)	(215, 37.747807641132866)	(220, 37.774798707470055)	(225, 37.784463790153964)	(230, 37.74168865234746)	(235, 37.705950959893556)	(240, 37.74325793575366)	(245, 37.76908420452385)	(250, 37.76371944497244)	(255, 37.68214712031933)	(260, 37.76274928720776)	(265, 37.73825508458468)	(270, 37.73989431666983)	(275, 37.72579813723627)	(280, 37.68890477095609)	(285, 37.700215168218975)	(290, 37.725001330545524)	(295, 37.72630906671735)	(300, 37.304018247481466)
3Z_2	(1, 37.700726097700056)	(2, 37.82458087816005)	(3, 37.84155103592473)	(4, 37.82166128112526)	(5, 37.825858201862765)	(6, 37.7863676107204)	(7, 37.89157954761452)	(8, 37.78854210226193)	(9, 37.8184223531648)	(10, 37.817522144079064)	(15, 37.82508268390039)	(20, 37.82405170119749)	(25, 37.857754799467784)	(30, 37.89282645884813)	(35, 37.820137616422734)	(40, 37.84912069948679)	(45, 37.8237293290249)	(50, 37.84079072419692)	(55, 37.75873788253184)	(60, 37.777678768295004)	(65, 37.609987454856494)	(70, 37.71528454666414)	(75, 37.7937608819616)	(80, 37.795524805170125)	(85, 37.760255464740546)	(90, 37.78198213267439)	(95, 37.74728758791104)	(100, 37.79089906861814)	(105, 37.789472723816765)	(110, 37.76915415320281)	(115, 37.703770385858206)	(120, 37.779984033453715)	(125, 37.7222885383007)	(130, 37.65419806120509)	(135, 37.76464094278655)	(140, 37.77305303174301)	(145, 37.77734118988785)	(150, 37.78417183045048)	(155, 37.75634746245961)	(160, 37.732303364379405)	(165, 37.74423113476526)	(170, 37.737169359437374)	(175, 37.767642653487925)	(180, 37.72124843185706)	(185, 37.72272343660901)	(190, 37.72915567382627)	(195, 37.702733320661466)	(200, 37.72959361338149)	(205, 37.69434252043338)	(210, 37.53734423113476)	(215, 37.68666945447634)	(220, 37.71086561490211)	(225, 37.66845846797187)	(230, 37.67142976620414)	(235, 37.7182528036495)	(240, 37.65060938984983)	(245, 37.68754533358677)	(250, 37.65723930811633)	(255, 37.60090629157954)	(260, 37.68635316479757)	(265, 37.66028055502756)	(270, 37.61392282835963)	(275, 37.646348602927205)	(280, 37.603795476145216)	(285, 37.56082873978331)	(290, 37.52903250332636)	(295, 37.56911917886333)	(300, 36.980254704428816)
4D_1	(1, 37.63007867563833)	(2, 37.07378011096529)	(3, 36.80675513335972)	(4, 37.71392065773667)	(5, 37.917144067384676)	(6, 37.58747022755522)	(7, 37.415106000319426)	(8, 37.912977661118404)	(9, 37.693644147240796)	(10, 37.78402738717719)	(15, 37.79657382524703)	(20, 37.82893569151928)	(25, 37.8500093744141)	(30, 37.852514773382225)	(35, 37.88530161309363)	(40, 37.907516891305406)	(45, 37.84723732544494)	(50, 37.86701108958467)	(55, 37.85426188640988)	(60, 37.89689533293058)	(65, 37.48934302717191)	(70, 37.23274239804457)	(75, 37.18541480046386)	(80, 37.04192932386171)	(85, 37.04395697491129)	(90, 37.04018498843822)	(95, 37.47425230367546)	(100, 37.481632397975126)	(105, 37.68411140970356)	(110, 37.764884139185746)	(115, 37.81028963467561)	(120, 37.83979612385337)	(125, 37.82919678631197)	(130, 37.79462950232277)	(135, 37.82993285141901)	(140, 37.82276663264101)	(145, 37.87363567554805)	(150, 37.86223361039934)	(155, 37.812992243540336)	(160, 37.81128401697116)	(165, 37.82597754307022)	(170, 37.8201862383601)	(175, 37.829805081626844)	(180, 37.77214479650577)	(185, 37.76597573762751)	(190, 37.779597108514054)	(195, 37.73950239221159)	(200, 37.78223861008687)	(205, 37.79702101951961)	(210, 37.7797637647647)	(215, 37.73891076252179)	(220, 37.762475956363836)	(225, 37.774139116305236)	(230, 37.72720871612191)	(235, 37.69088043108417)	(240, 37.73116402447069)	(245, 37.75548472664902)	(250, 37.75177940267622)	(255, 37.675173079460315)	(260, 37.75028227402454)	(265, 37.72564770257414)	(270, 37.726311549972564)	(275, 37.71217354470902)	(280, 37.673195425285925)	(285, 37.68516412168684)	(290, 37.711690241582126)	(295, 37.70854043844482)	(300, 37.25313001270754)
4D_2	(1, 37.74884903026894)	(2, 37.82499704879556)	(3, 37.85724503329653)	(4, 37.83526029623149)	(5, 37.834038150393376)	(6, 37.829566207667575)	(7, 37.89657590845017)	(8, 37.80798422320827)	(9, 37.81315056697845)	(10, 37.84357088793061)	(15, 37.84774007180107)	(20, 37.843173690533234)	(25, 37.87157469324834)	(30, 37.89558985896714)	(35, 37.83586581394219)	(40, 37.86793047656744)	(45, 37.840798838961454)	(50, 37.85303140775924)	(55, 37.77868049913547)	(60, 37.79650716274678)	(65, 37.65474935594303)	(70, 37.74906568339479)	(75, 37.811106250303794)	(80, 37.81651424563742)	(85, 37.785088431973)	(90, 37.791510252831415)	(95, 37.54088425028991)	(100, 37.7728336423418)	(105, 37.807087057058936)	(110, 37.731202910929184)	(115, 37.722650667666606)	(120, 37.80015971224021)	(125, 37.74575755681937)	(130, 37.67266768049219)	(135, 37.78441625176204)	(140, 37.7920685512711)	(145, 37.79542945232589)	(150, 37.800012499218795)	(155, 37.778077759028946)	(160, 37.75841787666049)	(165, 37.7646174891847)	(170, 37.75841509905631)	(175, 37.78742717469047)	(180, 37.74855460422613)	(185, 37.74680749119847)	(190, 37.74904624016554)	(195, 37.72430889736059)	(200, 37.749415661521155)	(205, 37.715801095764846)	(210, 37.567999222270835)	(215, 37.70852932802811)	(220, 37.73303890729052)	(225, 37.69098598004292)	(230, 37.69218312744342)	(235, 37.741302279718624)	(240, 37.6762119034227)	(245, 37.70554895874564)	(250, 37.68134769354693)	(255, 37.628531550111454)	(260, 37.708801533237505)	(265, 37.68784728732232)	(270, 37.64143352151602)	(275, 37.66901513099876)	(280, 37.63155913866494)	(285, 37.578695775958444)	(290, 37.55754154254248)	(295, 37.59612801977654)	(300, 37.01760306647501)
4Q_1	(1, 37.61544632828796)	(2, 37.082098732416966)	(3, 36.99736143053253)	(4, 37.76227915351839)	(5, 37.92672621276141)	(6, 37.61455491968408)	(7, 37.492271487404395)	(8, 37.928901249754865)	(9, 37.70735055534756)	(10, 37.82701324633185)	(15, 37.811210354602345)	(20, 37.84967641867679)	(25, 37.86003458665383)	(30, 37.86462355814659)	(35, 37.89968087571981)	(40, 37.91937744023105)	(45, 37.86756164090495)	(50, 37.879841685831956)	(55, 37.8719188461607)	(60, 37.91175054821629)	(65, 37.36799843112086)	(70, 37.35891676026457)	(75, 37.64918792676187)	(80, 37.547164429231074)	(85, 37.38648267993083)	(90, 37.16799129985203)	(95, 37.70758232158457)	(100, 37.705892210871625)	(105, 37.70564618209695)	(110, 37.75990444099766)	(115, 37.88363195521563)	(120, 37.86923748908025)	(125, 37.84354709311655)	(130, 37.81262234583088)	(135, 37.848785010072916)	(140, 37.840858604767256)	(145, 37.8823376299228)	(150, 37.87769873954824)	(155, 37.82976591610062)	(160, 37.831456026813576)	(165, 37.84272343156656)	(170, 37.838177247686794)	(175, 37.84567934249701)	(180, 37.79550373500204)	(185, 37.79203793835019)	(190, 37.799290438751314)	(195, 37.761508976484635)	(200, 37.80551247080637)	(205, 37.81859121784244)	(210, 37.80385088516875)	(215, 37.76990247989873)	(220, 37.789049936709986)	(225, 37.80141912249737)	(230, 37.754648695869214)	(235, 37.732559590665176)	(240, 37.76317769339109)	(245, 37.782214615535466)	(250, 37.77929079531475)	(255, 37.708816031092326)	(260, 37.78083828065108)	(265, 37.75206361091797)	(270, 37.75532973204257)	(275, 37.739166711237104)	(280, 37.702779412026885)	(285, 37.721641618084895)	(290, 37.745820185056424)	(295, 37.738175464869585)	(300, 37.37820684245244)
4Q_2	(1, 37.61927938528463)	(2, 37.8207912142768)	(3, 37.82275231320533)	(4, 37.791481699381364)	(5, 37.80984471662121)	(6, 37.74359522918115)	(7, 37.885204399992865)	(8, 37.757287265336686)	(9, 37.80162592929347)	(10, 37.789449287764526)	(15, 37.79463015457025)	(20, 37.80716335954075)	(25, 37.84610008735804)	(30, 37.873726622809365)	(35, 37.80004278761299)	(40, 37.834536734948564)	(45, 37.80186482679931)	(50, 37.8257367492111)	(55, 37.73779750762154)	(60, 37.765748515804674)	(65, 37.59419514717156)	(70, 37.700051701699024)	(75, 37.77748658430052)	(80, 37.78387620117309)	(85, 37.74232586332924)	(90, 37.75287300993029)	(95, 37.35101531439981)	(100, 37.69977358221461)	(105, 37.7744486637785)	(110, 37.58707814087821)	(115, 37.655834269312365)	(120, 37.77086520119092)	(125, 37.7169278493876)	(130, 37.65222584728387)	(135, 37.75551514503218)	(140, 37.76875434561695)	(145, 37.77011641796366)	(150, 37.77486940863953)	(155, 37.74802731275962)	(160, 37.720796562728424)	(165, 37.736328466242355)	(170, 37.72658002175037)	(175, 37.75675242017436)	(180, 37.71152591324812)	(185, 37.70691911358328)	(190, 37.71509867893245)	(195, 37.69336613716996)	(200, 37.7209284912018)	(205, 37.677506195289794)	(210, 37.54791321245832)	(215, 37.679278315594296)	(220, 37.70323581323207)	(225, 37.66568255156799)	(230, 37.66435613556543)	(235, 37.71156870086109)	(240, 37.63864434579523)	(245, 37.6717334331711)	(250, 37.642577240555525)	(255, 37.59633809345529)	(260, 37.676186910556055)	(265, 37.65190850582089)	(270, 37.59997147492467)	(275, 37.629951329090225)	(280, 37.58892513950545)	(285, 37.54992066463426)	(290, 37.52226560410761)	(295, 37.55940168654508)	(300, 37.08212547467508)
4Z_1	(1, 37.59592408692905)	(2, 37.137545866172026)	(3, 36.818795208048144)	(4, 37.76255700365309)	(5, 37.91953473679095)	(6, 37.561547745368834)	(7, 37.39099443530946)	(8, 37.932915914042944)	(9, 37.65059899398171)	(10, 37.78134573171226)	(15, 37.79222887321092)	(20, 37.83662651773492)	(25, 37.84615210154142)	(30, 37.847700818908606)	(35, 37.885070915379444)	(40, 37.91126303085285)	(45, 37.8523242910487)	(50, 37.86317179260796)	(55, 37.85340968920353)	(60, 37.905291721004076)	(65, 37.761134646071106)	(70, 37.766992556112655)	(75, 37.76911475250492)	(80, 37.72262407153908)	(85, 37.708293575900925)	(90, 37.671334958730576)	(95, 37.831831325886746)	(100, 37.75919712936488)	(105, 37.8169273512235)	(110, 37.836146998550106)	(115, 37.86665154669237)	(120, 37.85112225309217)	(125, 37.82750269324542)	(130, 37.79225155317236)	(135, 37.82842933167014)	(140, 37.818294628899125)	(145, 37.87149857845242)	(150, 37.86047287719611)	(155, 37.807560527147096)	(160, 37.804557052253)	(165, 37.82072462476813)	(170, 37.813143037656836)	(175, 37.825493896660376)	(180, 37.76506151939542)	(185, 37.7588245299983)	(190, 37.776378820156005)	(195, 37.7294669399062)	(200, 37.779369335072126)	(205, 37.79170075410872)	(210, 37.775452181731296)	(215, 37.728332941834005)	(220, 37.75896060976696)	(225, 37.76639639712612)	(230, 37.71463748511628)	(235, 37.677072988975915)	(240, 37.71334796730845)	(245, 37.74544983273528)	(250, 37.742229278210225)	(255, 37.65446430741067)	(260, 37.74163959921268)	(265, 37.71579092315543)	(270, 37.717148480847584)	(275, 37.70061478895486)	(280, 37.65774318183659)	(285, 37.67322711551391)	(290, 37.69980479033186)	(295, 37.69682399539921)	(300, 37.25184477186389)
4Z_2	(1, 37.63775241582089)	(2, 37.81582251310173)	(3, 37.83210348542408)	(4, 37.81567671334959)	(5, 37.81143232056505)	(6, 37.74783122868691)	(7, 37.88426739674543)	(8, 37.746308431275665)	(9, 37.800464939209604)	(10, 37.78583960407267)	(15, 37.793605870870024)	(20, 37.79406271009339)	(25, 37.836490437966255)	(30, 37.874288213710045)	(35, 37.78627052334011)	(40, 37.81575771321188)	(45, 37.786536202888456)	(50, 37.808377005759084)	(55, 37.69438751954122)	(60, 37.73770300590489)	(65, 37.53450675133852)	(70, 37.67017828069693)	(75, 37.76026956754174)	(80, 37.75920684934836)	(85, 37.710704131802984)	(90, 37.73398349222806)	(95, 37.67723174870603)	(100, 37.74797702843905)	(105, 37.74761738905043)	(110, 37.714601845176865)	(115, 37.64033469143102)	(120, 37.735101290327805)	(125, 37.674552273261135)	(130, 37.59903124164689)	(135, 37.72025563556542)	(140, 37.72814178215897)	(145, 37.732736094348645)	(150, 37.742086718452576)	(155, 37.70933361413285)	(160, 37.685438654754286)	(165, 37.695916796941454)	(170, 37.68841296969795)	(175, 37.72157755331816)	(180, 37.666069967681054)	(185, 37.66603432774164)	(190, 37.672443036846836)	(195, 37.64541824278899)	(200, 37.67832038685534)	(205, 37.630734587751206)	(210, 37.4693537020987)	(215, 37.62446843840365)	(220, 37.65588990498716)	(225, 37.61062718193379)	(230, 37.60836242578388)	(235, 37.66052309711073)	(240, 37.580297593494095)	(245, 37.62042492527763)	(250, 37.58817402010417)	(255, 37.522010092582846)	(260, 37.62590699595811)	(265, 37.59732700454409)	(270, 37.54026422155083)	(275, 37.57517840219672)	(280, 37.531451436532556)	(285, 37.480353483399085)	(290, 37.4530954097378)	(295, 37.48846642960707)	(300, 36.911831649886196)
ST1D_1	(1, 36.938888330485476)	(2, 36.175925792972734)	(3, 37.557873727438505)	(4, 37.77236764642534)	(5, 37.861594130063324)	(6, 37.86165156584294)	(7, 37.211808796289645)	(8, 37.84437775512255)	(9, 37.811725514409204)	(10, 37.79866748991284)	(15, 37.859618339244435)	(20, 37.88856884396135)	(25, 37.890576224459025)	(30, 37.89598380311015)	(35, 37.891182171934005)	(40, 37.90323219849805)	(45, 37.895331907011474)	(50, 37.86279166606838)	(55, 37.87162241718479)	(60, 37.906129833579826)	(65, 37.663495254368705)	(70, 37.60907485317979)	(75, 37.613816176787324)	(80, 37.50509598954669)	(85, 37.53834556236808)	(90, 37.40903464813405)	(95, 37.70679034504544)	(100, 37.754757836394184)	(105, 37.769449908820704)	(110, 37.79132145369958)	(115, 37.86414715046738)	(120, 37.868035552747585)	(125, 37.834148442772424)	(130, 37.8365320276266)	(135, 37.83430639116638)	(140, 37.85031948652413)	(145, 37.873652771994315)	(150, 37.87087575204974)	(155, 37.84863087460333)	(160, 37.8177993481039)	(165, 37.83830392142785)	(170, 37.84923107850035)	(175, 37.85166348376721)	(180, 37.77128211019054)	(185, 37.7911979667734)	(190, 37.79894030986603)	(195, 37.78415059661417)	(200, 37.81082951624715)	(205, 37.8175437588846)	(210, 37.79741538991715)	(215, 37.75561075772153)	(220, 37.78119839754176)	(225, 37.78069009089212)	(230, 37.74889077150611)	(235, 37.70823772669185)	(240, 37.7351463894433)	(245, 37.729353991068734)	(250, 37.75378142814066)	(255, 37.7088321870109)	(260, 37.766799247591294)	(265, 37.75847105954655)	(270, 37.76949298565542)	(275, 37.74302083482905)	(280, 37.649219591344426)	(285, 37.75652111482848)	(290, 37.72080754706144)	(295, 37.70659793518372)	(300, 37.37552948609336)
ST1D_2	(1, 37.78233275418922)	(2, 37.858047470671856)	(3, 37.8439039099407)	(4, 37.79911836078285)	(5, 37.81841678273481)	(6, 37.778814812687564)	(7, 37.86399207386241)	(8, 37.78503223583131)	(9, 37.79450913946843)	(10, 37.80223712361616)	(15, 37.78135921772468)	(20, 37.79886277156355)	(25, 37.83156096090059)	(30, 37.900641844837246)	(35, 37.79808451674971)	(40, 37.827112559769105)	(45, 37.81097884927416)	(50, 37.819686113464385)	(55, 37.73455480091322)	(60, 37.789374380770504)	(65, 37.59170914521201)	(70, 37.697161236592336)	(75, 37.80147322774722)	(80, 37.78760248696925)	(85, 37.77236190284738)	(90, 37.748451387792024)	(95, 37.59365334635211)	(100, 37.739253047686056)	(105, 37.77781830191118)	(110, 37.71386356130552)	(115, 37.6800137845871)	(120, 37.772238415921194)	(125, 37.729063940381664)	(130, 37.67873009491263)	(135, 37.75358327470097)	(140, 37.7492698476516)	(145, 37.76486940539609)	(150, 37.74435908849417)	(155, 37.74943928320147)	(160, 37.70098358772597)	(165, 37.719199345232106)	(170, 37.72929368350013)	(175, 37.7453354967477)	(180, 37.719790933762184)	(185, 37.732774291745045)	(190, 37.72380569475755)	(195, 37.698008414341714)	(200, 37.70098358772598)	(205, 37.66542796835288)	(210, 37.4613873612567)	(215, 37.672518415346836)	(220, 37.67972947747799)	(225, 37.647134672544254)	(230, 37.652303892709966)	(235, 37.69150381229987)	(240, 37.62401102766968)	(245, 37.68045029651221)	(250, 37.658225521588676)	(255, 37.57698835489568)	(260, 37.64407908906854)	(265, 37.58638772023032)	(270, 37.59993682064241)	(275, 37.629197478569274)	(280, 37.60208204701119)	(285, 37.56836724437489)	(290, 37.55497609235673)	(295, 37.618143962781616)	(300, 37.0315753198455)
ST1Q_1	(1, 36.926410214156235)	(2, 36.515107006469826)	(3, 37.615636486089514)	(4, 37.80705160814209)	(5, 37.867694578386626)	(6, 37.867436645148345)	(7, 37.210380379878345)	(8, 37.89368851695553)	(9, 37.839250274054066)	(10, 37.835215051837416)	(15, 37.8841793782376)	(20, 37.90752233630195)	(25, 37.909098594980335)	(30, 37.91483617656963)	(35, 37.912010374648034)	(40, 37.91981715399331)	(45, 37.914016522056876)	(50, 37.88621991674488)	(55, 37.89538514447844)	(60, 37.923995672453444)	(65, 37.76599150253276)	(70, 37.72374490402734)	(75, 37.75471408817018)	(80, 37.66989417572419)	(85, 37.6963609918966)	(90, 37.604611273115474)	(95, 37.760486060857914)	(100, 37.788884510392556)	(105, 37.81767559163436)	(110, 37.84005559894248)	(115, 37.89187725243782)	(120, 37.89302075646087)	(125, 37.86082782239863)	(130, 37.85787878570763)	(135, 37.86289702015462)	(140, 37.87792306424687)	(145, 37.89945475779352)	(150, 37.892705504725186)	(155, 37.87846185812239)	(160, 37.84787384198724)	(165, 37.87054044178232)	(170, 37.876060213081516)	(175, 37.87740719777031)	(180, 37.80968825902229)	(185, 37.819882353784095)	(190, 37.82903038596844)	(195, 37.81782175380272)	(200, 37.8454492695474)	(205, 37.852966590480825)	(210, 37.832271746996156)	(215, 37.798138581797076)	(220, 37.81276053048269)	(225, 37.81256278166668)	(230, 37.79365627530074)	(235, 37.75747397381978)	(240, 37.77766441452737)	(245, 37.77800545958688)	(250, 37.795464673893576)	(255, 37.7542756016651)	(260, 37.808048949996774)	(265, 37.798390783185624)	(270, 37.80244893280123)	(275, 37.78215531879832)	(280, 37.707369009321425)	(285, 37.79857993422703)	(290, 37.77000666327532)	(295, 37.756714503729285)	(300, 37.46661555767316)
ST1Q_2	(1, 37.81695337856718)	(2, 37.87275293578179)	(3, 37.85742023772847)	(4, 37.825637130922615)	(5, 37.838447815090525)	(6, 37.80348353167922)	(7, 37.88696792313589)	(8, 37.81491857190964)	(9, 37.82374562050856)	(10, 37.8349227275007)	(15, 37.815804142694404)	(20, 37.83125720959225)	(25, 37.86378259093938)	(30, 37.91999484133523)	(35, 37.835779639036765)	(40, 37.855866906449045)	(45, 37.852138338193456)	(50, 37.856947360124956)	(55, 37.78495819332096)	(60, 37.8253161473372)	(65, 37.66033631628348)	(70, 37.76095893846143)	(75, 37.84231681366473)	(80, 37.83078433198873)	(85, 37.81501601335521)	(90, 37.796120970688754)	(95, 37.67493247164525)	(100, 37.78935452207121)	(105, 37.818122675914054)	(110, 37.73582477735346)	(115, 37.73801434395397)	(120, 37.81433678916107)	(125, 37.78177988264037)	(130, 37.72273036662343)	(135, 37.79923049917246)	(140, 37.794324035795405)	(145, 37.810290103244945)	(150, 37.80042272391829)	(155, 37.796983614074556)	(160, 37.75792392402433)	(165, 37.776366150561365)	(170, 37.783702918228)	(175, 37.796654032714535)	(180, 37.77287545406997)	(185, 37.78436208094805)	(190, 37.77305027548702)	(195, 37.758411131252196)	(200, 37.758339483130456)	(205, 37.72595739802681)	(210, 37.53959203559479)	(215, 37.72909558575922)	(220, 37.7368450466071)	(225, 37.71171375142401)	(230, 37.71026932528964)	(235, 37.74174291220955)	(240, 37.687402110753666)	(245, 37.739622127805916)	(250, 37.72578830845949)	(255, 37.65836169404819)	(260, 37.710618968123754)	(265, 37.65449269547399)	(270, 37.67165098766935)	(275, 37.68714417751539)	(280, 37.67283748056545)	(285, 37.6365491398643)	(290, 37.61483689305085)	(295, 37.68570261730589)	(300, 37.13015597796104)
ST1Z_1	(1, 36.923273958486675)	(2, 36.285367289857206)	(3, 37.54138083321066)	(4, 37.7742823494774)	(5, 37.84186662741057)	(6, 37.8588988664802)	(7, 37.18558810540262)	(8, 37.85262770499043)	(9, 37.82222876490505)	(10, 37.77162667451788)	(15, 37.84932136022376)	(20, 37.8827528337995)	(25, 37.882308258501396)	(30, 37.88960105991462)	(35, 37.88441336670102)	(40, 37.90063594877079)	(45, 37.892442219932285)	(50, 37.85787428234948)	(55, 37.86892683644928)	(60, 37.90548800235537)	(65, 37.778604445752975)	(70, 37.81457382599736)	(75, 37.842131606065074)	(80, 37.79787428234948)	(85, 37.80328867952304)	(90, 37.729050493154716)	(95, 37.8146003238628)	(100, 37.84341822464302)	(105, 37.82939790961284)	(110, 37.840023553658185)	(115, 37.86480200206095)	(120, 37.86661857794788)	(125, 37.82973354924187)	(130, 37.8281201236567)	(135, 37.83325776534669)	(140, 37.84713087001325)	(145, 37.873228323273956)	(150, 37.868388046518476)	(155, 37.84608567643162)	(160, 37.813837774179305)	(165, 37.837438539673194)	(170, 37.843276902693944)	(175, 37.84350360665391)	(180, 37.765175916384514)	(185, 37.79022228764906)	(190, 37.79591932872074)	(195, 37.7768025909024)	(200, 37.81016929191815)	(205, 37.81865744148388)	(210, 37.7966229942588)	(215, 37.75216252024142)	(220, 37.785655822169886)	(225, 37.77670543206242)	(230, 37.745514500220814)	(235, 37.70706315324598)	(240, 37.7288090681584)	(245, 37.731820992197854)	(250, 37.75071102605624)	(255, 37.69809804210216)	(260, 37.765258354188134)	(265, 37.756737818342415)	(270, 37.76672751361696)	(275, 37.73414397173561)	(280, 37.6503017812454)	(285, 37.750902399528925)	(290, 37.718492565876645)	(295, 37.70119240394524)	(300, 37.38389518622111)
ST1Z_2	(1, 37.6858236419844)	(2, 37.742352421610484)	(3, 37.70435742676285)	(4, 37.640659502428974)	(5, 37.66132783747976)	(6, 37.65920800824378)	(7, 37.84719564257324)	(8, 37.64438392462829)	(9, 37.622493743559545)	(10, 37.64304431031944)	(15, 37.62925658766377)	(20, 37.67718239364051)	(25, 37.760070660974534)	(30, 37.872424554688656)	(35, 37.68376269689386)	(40, 37.72947151479464)	(45, 37.722576181363166)	(50, 37.74611511850434)	(55, 37.61675253937877)	(60, 37.707122037391436)	(65, 37.44331223318121)	(70, 37.593619902841155)	(75, 37.7212277344325)	(80, 37.706038569115265)	(85, 37.677144118945975)	(90, 37.673831885764756)	(95, 37.5939761519211)	(100, 37.65570734579714)	(105, 37.68835566023848)	(110, 37.6558810540262)	(115, 37.580747828647134)	(120, 37.68431031944649)	(125, 37.63412041807743)	(130, 37.584922714559106)	(135, 37.6653996761372)	(140, 37.65589283085529)	(145, 37.67513616958634)	(150, 37.64894155748565)	(155, 37.65357279552481)	(160, 37.58336228470485)	(165, 37.61901074635655)	(170, 37.63304872663035)	(175, 37.65630207566612)	(180, 37.62018254085088)	(185, 37.63770646253496)	(190, 37.62459885175916)	(195, 37.59334314735757)	(200, 37.59416458118651)	(205, 37.55710584425144)	(210, 37.34351243927573)	(215, 37.55923156190196)	(220, 37.57387604887384)	(225, 37.53691152657147)	(230, 37.533452083026646)	(235, 37.58203444722509)	(240, 37.499749742381866)	(245, 37.56817900780216)	(250, 37.538374797585746)	(255, 37.453195936993964)	(260, 37.52000294420727)	(265, 37.45528043574268)	(270, 37.4754364787281)	(275, 37.51234800529957)	(280, 37.46956867363462)	(285, 37.44373914323569)	(290, 37.419146179891065)	(295, 37.48600029442073)	(300, 36.871220373914326)
ST2D_1	(1, 36.839983592412906)	(2, 36.03809106210837)	(3, 37.55924411943592)	(4, 37.76319325591592)	(5, 37.862346002065095)	(6, 37.84477856829658)	(7, 37.18796588353442)	(8, 37.872360287981444)	(9, 37.80422636812402)	(10, 37.7982375988345)	(15, 37.862354488748075)	(20, 37.9004087752302)	(25, 37.892838654012074)	(30, 37.89858696728383)	(35, 37.89472552652795)	(40, 37.909812019971994)	(45, 37.901698751043156)	(50, 37.86136154683942)	(55, 37.873868088657545)	(60, 37.90905670518678)	(65, 37.82991272861002)	(70, 37.56647477333484)	(75, 37.60656869262649)	(80, 37.510341023211076)	(85, 37.466428096578454)	(90, 37.32251375549866)	(95, 37.62668213128899)	(100, 37.54562299325309)	(105, 37.632682216155814)	(110, 37.75731198461081)	(115, 37.8357261064513)	(120, 37.820498168290925)	(125, 37.80904397516231)	(130, 37.81996350726318)	(135, 37.827324290301135)	(140, 37.8398987255831)	(145, 37.87048473104287)	(150, 37.866037709161375)	(155, 37.83932446003479)	(160, 37.811621097893884)	(165, 37.834727506753985)	(170, 37.840430557716516)	(175, 37.84029477078884)	(180, 37.76513387742401)	(185, 37.781895076309425)	(190, 37.78852317571677)	(195, 37.77861921667916)	(200, 37.806596981569754)	(205, 37.81582766375762)	(210, 37.79487121458578)	(215, 37.75128078190639)	(220, 37.775934595963164)	(225, 37.77546499950494)	(230, 37.7453910239183)	(235, 37.705019872982646)	(240, 37.72720406229225)	(245, 37.72870337628538)	(250, 37.74214345323131)	(255, 37.70147809728568)	(260, 37.75757790067752)	(265, 37.75198517659373)	(270, 37.76295279989816)	(275, 37.73255067256962)	(280, 37.642634266396975)	(285, 37.74833307401802)	(290, 37.71801015573063)	(295, 37.7029774112788)	(300, 37.352996506315506)
ST2D_2	(1, 37.82370330556302)	(2, 37.896533190002685)	(3, 37.87620758426569)	(4, 37.83728199833095)	(5, 37.86752287868287)	(6, 37.816786658934355)	(7, 37.87364743490007)	(8, 37.8281163807126)	(9, 37.840775682824365)	(10, 37.85540672428182)	(15, 37.844973762005125)	(20, 37.856900380486294)	(25, 37.86962191827324)	(30, 37.91675412664959)	(35, 37.85313512213751)	(40, 37.87296284247302)	(45, 37.85344630051344)	(50, 37.865030622781084)	(55, 37.80686855542511)	(60, 37.83134132024499)	(65, 37.70776955826815)	(70, 37.77406752570758)	(75, 37.84125093707125)	(80, 37.82484900776531)	(85, 37.82261135235293)	(90, 37.80198871271164)	(95, 37.675545622993255)	(100, 37.782144019010175)	(105, 37.80871582342042)	(110, 37.76267839714848)	(115, 37.74737124994696)	(120, 37.808186820181334)	(125, 37.77795725540672)	(130, 37.72819983309524)	(135, 37.794489313851685)	(140, 37.78861935812388)	(145, 37.802036803915186)	(150, 37.789213425932466)	(155, 37.79312012899758)	(160, 37.74945331617137)	(165, 37.76491605256086)	(170, 37.775504604025514)	(175, 37.78735201346554)	(180, 37.76063027765598)	(185, 37.77776771948684)	(190, 37.765297953294954)	(195, 37.7474815768257)	(200, 37.74951555184656)	(205, 37.718734352678254)	(210, 37.53953804155646)	(215, 37.71785173764834)	(220, 37.723243610234945)	(225, 37.69341857734904)	(230, 37.69937622880097)	(235, 37.738021754197376)	(240, 37.672730873138235)	(245, 37.71941894510531)	(250, 37.71043437672386)	(255, 37.64091429864637)	(260, 37.69663220130412)	(265, 37.64140935515354)	(270, 37.65708991640618)	(275, 37.67127116366568)	(280, 37.6557235604464)	(285, 37.61782486315224)	(290, 37.59993493543048)	(295, 37.6641084032306)	(300, 37.031139054300624)
ST2Q_1	(1, 36.83669200306592)	(2, 36.317162749105776)	(3, 37.553477899846705)	(4, 37.7658565406234)	(5, 37.83522291773122)	(6, 37.846161216147166)	(7, 37.232722278998466)	(8, 37.853442769545225)	(9, 37.83887966274911)	(10, 37.80300523760859)	(15, 37.86630684721513)	(20, 37.901590444557996)	(25, 37.89604624425141)	(30, 37.90357370975984)	(35, 37.895746039856924)	(40, 37.908689959121105)	(45, 37.90192577925396)	(50, 37.86549885028104)	(55, 37.87441555952989)	(60, 37.90969915687276)	(65, 37.68246359223301)	(70, 37.51878193663771)	(75, 37.54408214103219)	(80, 37.40899016351558)	(85, 37.39319110884006)	(90, 37.2513477261114)	(95, 37.55058124680634)	(100, 37.48835590189064)	(105, 37.65675459887583)	(110, 37.75204394481349)	(115, 37.83899144098109)	(120, 37.85596895758814)	(125, 37.83512710781809)	(130, 37.831023249872246)	(135, 37.84190086867655)	(140, 37.854110245273375)	(145, 37.87924118548799)	(150, 37.875996423096566)	(155, 37.84846065406234)	(160, 37.82364588656107)	(165, 37.84256195707716)	(170, 37.850753704649975)	(175, 37.853535385794586)	(180, 37.77929228410832)	(185, 37.79613247317322)	(190, 37.80330224833929)	(195, 37.78498658661216)	(200, 37.82047457843638)	(205, 37.826392437404195)	(210, 37.803002043944815)	(215, 37.76280339805825)	(220, 37.788719979560554)	(225, 37.78325242718447)	(230, 37.755432422074605)	(235, 37.72253449156873)	(240, 37.746199540112414)	(245, 37.746697751660705)	(250, 37.75969596320899)	(255, 37.71731285130302)	(260, 37.7724929739397)	(265, 37.76622700562085)	(270, 37.77107498722535)	(275, 37.74855965763924)	(280, 37.67228219213081)	(285, 37.76350600408789)	(290, 37.73439256515074)	(295, 37.71875319366377)	(300, 37.423527721001534)
ST2Q_2	(1, 37.79145375574859)	(2, 37.86516351558508)	(3, 37.85230901890649)	(4, 37.81111075625958)	(5, 37.8344085334696)	(6, 37.796499744506896)	(7, 37.86960270822688)	(8, 37.81018459376597)	(9, 37.81341019417476)	(10, 37.82606987736331)	(15, 37.80553781297905)	(20, 37.82376724578437)	(25, 37.85305952989269)	(30, 37.91675715380685)	(35, 37.82586867654574)	(40, 37.8485085590189)	(45, 37.84181463975473)	(50, 37.85021716913644)	(55, 37.773406361778235)	(60, 37.811701584057225)	(65, 37.63609478794073)	(70, 37.74695963208993)	(75, 37.82676290240164)	(80, 37.81526890648953)	(85, 37.804059146653046)	(90, 37.778538579458356)	(95, 37.62693536024527)	(100, 37.768900102197236)	(105, 37.8028934593766)	(110, 37.71397866632601)	(115, 37.71176226366888)	(120, 37.802056719468574)	(125, 37.770567194685746)	(130, 37.71757473173225)	(135, 37.78351430761369)	(140, 37.78161407766991)	(145, 37.793689320388346)	(150, 37.78141287685232)	(155, 37.78523888605008)	(160, 37.73859862033724)	(165, 37.75924565661727)	(170, 37.765038962698)	(175, 37.78166836995401)	(180, 37.75288707204905)	(185, 37.76475472662238)	(190, 37.75807358201329)	(195, 37.7361969851814)	(200, 37.735826520183956)	(205, 37.70773824731732)	(210, 37.53013541134389)	(215, 37.715460526315795)	(220, 37.714202222789986)	(225, 37.68676545733265)	(230, 37.69071282575371)	(235, 37.72437723556463)	(240, 37.66277465508431)	(245, 37.720822687787425)	(250, 37.703065917220236)	(255, 37.629515840572296)	(260, 37.68574987225345)	(265, 37.62960526315789)	(270, 37.648575625958095)	(275, 37.659446857434844)	(280, 37.646365610628514)	(285, 37.61060296371998)	(290, 37.59991696474195)	(295, 37.65874744506898)	(300, 37.13653711037302)
ST2Z_1	(1, 36.872880079286425)	(2, 36.235004955401386)	(3, 37.55425173439048)	(4, 37.780186323092174)	(5, 37.84245787908821)	(6, 37.85090981169475)	(7, 37.29487413280476)	(8, 37.87669375619425)	(9, 37.81738751238851)	(10, 37.80907195242814)	(15, 37.87123885034688)	(20, 37.89444440039644)	(25, 37.89554806739346)	(30, 37.9020971258672)	(35, 37.89586838453915)	(40, 37.90882695738355)	(45, 37.89914132804758)	(50, 37.87026204162537)	(55, 37.87646541129832)	(60, 37.91554727452924)	(65, 37.82488800792864)	(70, 37.8305046580773)	(75, 37.831050148662044)	(80, 37.78475639246779)	(85, 37.77014549058474)	(90, 37.69504539147671)	(95, 37.757837066402374)	(100, 37.777576214073335)	(105, 37.8035853320119)	(110, 37.81341050545094)	(115, 37.86960237859267)	(120, 37.87453399405352)	(125, 37.83584539147671)	(130, 37.84013002973241)	(135, 37.84215341922696)	(140, 37.85459187314173)	(145, 37.880226759167485)	(150, 37.87663032705649)	(155, 37.85737006937562)	(160, 37.820032507433105)	(165, 37.84565153617443)	(170, 37.85081149653122)	(175, 37.85294271555996)	(180, 37.77420178394449)	(185, 37.80147948463825)	(190, 37.807248364717545)	(195, 37.792396432111005)	(200, 37.81708939544104)	(205, 37.827992864222004)	(210, 37.807451337958376)	(215, 37.76858196233895)	(220, 37.79571694747275)	(225, 37.78777244796829)	(230, 37.758179583746276)	(235, 37.71935777998018)	(240, 37.74618830525272)	(245, 37.745312983151635)	(250, 37.764433696729434)	(255, 37.71344935579782)	(260, 37.778698909811695)	(265, 37.76777324083251)	(270, 37.77381803766105)	(275, 37.74810069375619)	(280, 37.666118533201185)	(285, 37.766850346878094)	(290, 37.73351199207136)	(295, 37.71467353815659)	(300, 37.424111000991076)
ST2Z_2	(1, 37.798390485629334)	(2, 37.87723290386521)	(3, 37.8565550049554)	(4, 37.8145332011893)	(5, 37.83613082259663)	(6, 37.79117542120912)	(7, 37.87840634291378)	(8, 37.79907234886026)	(9, 37.814850346878096)	(10, 37.82235084241824)	(15, 37.800997423191276)	(20, 37.816042814667995)	(25, 37.84408166501487)	(30, 37.912033300297324)	(35, 37.82072388503469)	(40, 37.841550842418236)	(45, 37.832042814667986)	(50, 37.842334192269576)	(55, 37.75652091179385)	(60, 37.81040396432111)	(65, 37.62149296333003)	(70, 37.72555163528246)	(75, 37.817466798810706)	(80, 37.79997621407334)	(85, 37.78240634291378)	(90, 37.777972646184345)	(95, 37.72315401387512)	(100, 37.766057482656095)	(105, 37.787775619425176)	(110, 37.73563369672944)	(115, 37.69281585728444)	(120, 37.78292011892964)	(125, 37.74639762140733)	(130, 37.699704261645195)	(135, 37.76615896927651)	(140, 37.76137958374628)	(145, 37.77843885034688)	(150, 37.75726620416254)	(155, 37.765337561942516)	(160, 37.718821803766104)	(165, 37.73285867195243)	(170, 37.74374311199207)	(175, 37.7587028741328)	(180, 37.7317803766105)	(185, 37.74372408325074)	(190, 37.73225926660059)	(195, 37.711857284440036)	(200, 37.713842616451934)	(205, 37.68021883052527)	(210, 37.46933597621407)	(215, 37.686951833498505)	(220, 37.68715163528246)	(225, 37.66062556987116)	(230, 37.664767492566895)	(235, 37.705542913776014)	(240, 37.63624023785927)	(245, 37.69618711595639)	(250, 37.676061050545094)	(255, 37.59285787908821)	(260, 37.66021328047572)	(265, 37.60124321110009)	(270, 37.62024340931615)	(275, 37.6427639246779)	(280, 37.61763330029732)	(285, 37.588252923686824)	(290, 37.573905252725474)	(295, 37.6322378592666)	(300, 37.030445986124874)
ST3D_1	(1, 36.92355872077038)	(2, 36.16331703784175)	(3, 37.51864593182717)	(4, 37.786227291930715)	(5, 37.864231060682265)	(6, 37.86247409821554)	(7, 37.25181563964834)	(8, 37.86019407058697)	(9, 37.832122906901105)	(10, 37.81499855821782)	(15, 37.87450459693805)	(20, 37.89836173308923)	(25, 37.901462570664094)	(30, 37.908377760342276)	(35, 37.90253552484224)	(40, 37.91086164926469)	(45, 37.90362725571851)	(50, 37.87488013090041)	(55, 37.88347985863829)	(60, 37.915478034616186)	(65, 37.73017884804957)	(70, 37.674106262699425)	(75, 37.70161949021265)	(80, 37.62825088351071)	(85, 37.6890551967865)	(90, 37.61669516701202)	(95, 37.797048034817365)	(100, 37.835599278438316)	(105, 37.84102306180887)	(110, 37.85269143849625)	(115, 37.88000616948652)	(120, 37.88434626913714)	(125, 37.847195230718675)	(130, 37.8492713970534)	(135, 37.84831110306395)	(140, 37.86425788453671)	(145, 37.88788165315415)	(150, 37.881787273422255)	(155, 37.86249287491366)	(160, 37.83155960595758)	(165, 37.85174187404859)	(170, 37.85675793483144)	(175, 37.858552450694404)	(180, 37.79097779655448)	(185, 37.80504690821547)	(190, 37.81352861099376)	(195, 37.801020647661964)	(200, 37.82529355355718)	(205, 37.8357816806486)	(210, 37.810623587556414)	(215, 37.77527511215724)	(220, 37.792131222295986)	(225, 37.794545369196825)	(230, 37.76942214711543)	(235, 37.733124107268594)	(240, 37.75525378719295)	(245, 37.75316689131645)	(250, 37.77152513730461)	(255, 37.73244009898002)	(260, 37.78479221571744)	(265, 37.77108790847701)	(270, 37.781538482172195)	(275, 37.76239429724854)	(280, 37.6774860683606)	(285, 37.76944628858443)	(290, 37.73883222349635)	(295, 37.73092455120339)	(300, 37.386779863332464)
ST3D_2	(1, 37.82626189470296)	(2, 37.8824578697836)	(3, 37.86954218386411)	(4, 37.836723197939925)	(5, 37.84518612402009)	(6, 37.8137619785275)	(7, 37.88901630219755)	(8, 37.821634779809685)	(9, 37.83562341990732)	(10, 37.84359278706553)	(15, 37.82732143695388)	(20, 37.8432065235614)	(25, 37.867704749834026)	(30, 37.92393023115456)	(35, 37.84747151641956)	(40, 37.8686194432709)	(45, 37.853010642364254)	(50, 37.864129130035344)	(55, 37.79941389878018)	(60, 37.83829507581092)	(65, 37.69150421469813)	(70, 37.77021076843637)	(75, 37.845913050475794)	(80, 37.831098235660974)	(85, 37.82077909885261)	(90, 37.798882786461995)	(95, 37.67702738044943)	(100, 37.789057208575585)	(105, 37.81528289107503)	(110, 37.777316407481166)	(115, 37.755699063176884)	(120, 37.814861756560106)	(125, 37.772504207992164)	(130, 37.71863117870722)	(135, 37.80293855325541)	(140, 37.79613065899505)	(145, 37.80675558774418)	(150, 37.79263819314516)	(155, 37.79655179350997)	(160, 37.75725752912065)	(165, 37.772252063760305)	(170, 37.78121391353331)	(175, 37.796420356623145)	(180, 37.76835187532272)	(185, 37.7808652034254)	(190, 37.77210453256081)	(195, 37.7510478068146)	(200, 37.7556293211553)	(205, 37.72400131436886)	(210, 37.528010139416985)	(215, 37.72072075696918)	(220, 37.728961045057375)	(225, 37.700004694174524)	(230, 37.70264416145278)	(235, 37.74347811508775)	(240, 37.68236264510029)	(245, 37.72810268171485)	(250, 37.71633505676598)	(255, 37.64319713521234)	(260, 37.697976810777824)	(265, 37.643924061668045)	(270, 37.662271578114414)	(275, 37.67813520563837)	(280, 37.66365568900423)	(285, 37.62367473394089)	(290, 37.60323495684712)	(295, 37.673682445799045)	(300, 37.0554314952287)
ST3Q_1	(1, 36.837424297865034)	(2, 36.40033454556316)	(3, 37.56474726128158)	(4, 37.769327847184364)	(5, 37.85256099109123)	(6, 37.84255449433587)	(7, 37.25475495284252)	(8, 37.85063436708908)	(9, 37.83879085675028)	(10, 37.813245913391526)	(15, 37.86752294400096)	(20, 37.900251655925864)	(25, 37.89493477108272)	(30, 37.906064385085834)	(35, 37.90207672145349)	(40, 37.91142010111042)	(45, 37.90785958047389)	(50, 37.87563268689373)	(55, 37.88166944210047)	(60, 37.91563179078954)	(65, 37.71414276433207)	(70, 37.492491393666036)	(75, 37.5645381703046)	(80, 37.42038786376229)	(85, 37.351740309006594)	(90, 37.23502273864375)	(95, 37.56938908097048)	(100, 37.48600061233786)	(105, 37.63276455609239)	(110, 37.770161224078315)	(115, 37.843856832421054)	(120, 37.84520397571557)	(125, 37.84092955874336)	(130, 37.84256942940566)	(135, 37.85100176980577)	(140, 37.862788526879385)	(145, 37.88755087258146)	(150, 37.88580944344462)	(155, 37.859242941312644)	(160, 37.8339190369867)	(165, 37.85575410901107)	(170, 37.85978060382487)	(175, 37.86375034537349)	(180, 37.79307162112715)	(185, 37.80967643171313)	(190, 37.81662422617669)	(195, 37.8014800654156)	(200, 37.82679799571363)	(205, 37.83678657038526)	(210, 37.81563552455699)	(215, 37.774955381479025)	(220, 37.798749934659064)	(225, 37.793182140643545)	(230, 37.77173239341961)	(235, 37.73200212077991)	(240, 37.754745245047154)	(245, 37.75085615287537)	(250, 37.77255979628565)	(255, 37.731533159588686)	(260, 37.78428083905222)	(265, 37.77845616183642)	(270, 37.7851470730997)	(275, 37.76203953312971)	(280, 37.68218768902198)	(285, 37.775397459544635)	(290, 37.746877450284885)	(295, 37.727494716719065)	(300, 37.416359875441515)
ST3Q_2	(1, 37.772583692397305)	(2, 37.82440838454818)	(3, 37.81135513355686)	(4, 37.7575440771247)	(5, 37.78006616235914)	(6, 37.75015121758157)	(7, 37.85662333007251)	(8, 37.74138433161829)	(9, 37.74707459320604)	(10, 37.747612255718266)	(15, 37.74034186374736)	(20, 37.75976940252254)	(25, 37.81990098048733)	(30, 37.89730048613652)	(35, 37.766173560445964)	(40, 37.792432400140385)	(45, 37.79042213974745)	(50, 37.803535131017895)	(55, 37.69426418644941)	(60, 37.75943485695937)	(65, 37.53062958786675)	(70, 37.67037106180879)	(75, 37.78539200824416)	(80, 37.76953096413344)	(85, 37.74766900898344)	(90, 37.72023328579002)	(95, 37.5760770052198)	(100, 37.71491938796084)	(105, 37.75351459529695)	(110, 37.6755654790797)	(115, 37.64923196403636)	(120, 37.750216931888616)	(125, 37.710809256756264)	(130, 37.65583027786697)	(135, 37.728868743139195)	(140, 37.72322029974685)	(145, 37.73909926594132)	(150, 37.7275335479005)	(155, 37.72821757409661)	(160, 37.672987686034965)	(165, 37.69722730429457)	(170, 37.707374190705906)	(175, 37.72603107988022)	(180, 37.69226886112625)	(185, 37.71038510077439)	(190, 37.70007392859543)	(195, 37.67279353012778)	(200, 37.67918275298142)	(205, 37.64177637720012)	(210, 37.44341475435544)	(215, 37.64635546959593)	(220, 37.6515528738808)	(225, 37.625282086130554)	(230, 37.622014292861785)	(235, 37.6632858647032)	(240, 37.59228454294953)	(245, 37.65183066617879)	(250, 37.628110788347655)	(255, 37.55354297192954)	(260, 37.61616571953432)	(265, 37.55840583065124)	(270, 37.57606207015002)	(275, 37.59671428464749)	(280, 37.57405479677104)	(285, 37.53713530426471)	(290, 37.51440711506724)	(295, 37.58918402246235)	(300, 37.082053273393925)
ST3Z_1	(1, 36.910855410793616)	(2, 35.899179778715876)	(3, 37.43958266932919)	(4, 37.75392060570187)	(5, 37.84706548110759)	(6, 37.86038675937791)	(7, 37.134507184253835)	(8, 37.845244212594075)	(9, 37.83876570031027)	(10, 37.784536129414136)	(15, 37.853746934740045)	(20, 37.88129492191312)	(25, 37.88417512797663)	(30, 37.89277411717261)	(35, 37.882223768855006)	(40, 37.901180572268586)	(45, 37.89544097463883)	(50, 37.85686390571033)	(55, 37.8653328042982)	(60, 37.90924618997131)	(65, 37.808842258633135)	(70, 37.815560137635856)	(75, 37.82280098088319)	(80, 37.77111077865733)	(85, 37.76473113523569)	(90, 37.678207871782696)	(95, 37.756678526593774)	(100, 37.774893813541134)	(105, 37.79268760691822)	(110, 37.81976986971425)	(115, 37.8595203559279)	(120, 37.87009672236712)	(125, 37.82659962663995)	(130, 37.82843650602645)	(135, 37.82918582792915)	(140, 37.843191382798125)	(145, 37.875068785409034)	(150, 37.86716708187252)	(155, 37.84487475526704)	(160, 37.809643616779084)	(165, 37.83352044699133)	(170, 37.84257215150352)	(175, 37.84079771560892)	(180, 37.756244023962694)	(185, 37.78581622099792)	(190, 37.789841224412804)	(195, 37.77257559890464)	(200, 37.8057018713534)	(205, 37.81246137935072)	(210, 37.791035456195246)	(215, 37.748128971828876)	(220, 37.779038500315465)	(225, 37.77657198238573)	(230, 37.741548988870754)	(235, 37.70121829854494)	(240, 37.72725983647611)	(245, 37.727067302376106)	(250, 37.74632331418834)	(255, 37.689307202466516)	(260, 37.75697513318026)	(265, 37.74433292788427)	(270, 37.758491989670816)	(275, 37.72937250795179)	(280, 37.64021621059068)	(285, 37.74099220106804)	(290, 37.71016072694632)	(295, 37.697320783926)	(300, 37.385432453704006)
ST3Z_2	(1, 37.80997664873585)	(2, 37.881032138884734)	(3, 37.867710860614416)	(4, 37.833861284384575)	(5, 37.85001853791166)	(6, 37.803276982418254)	(7, 37.86452364071576)	(8, 37.81458185626289)	(9, 37.83150664437781)	(10, 37.83796434216431)	(15, 37.8223664782521)	(20, 37.83104612362511)	(25, 37.850120008585975)	(30, 37.91090094250646)	(35, 37.834121465600795)	(40, 37.85246163953193)	(45, 37.83670246326566)	(50, 37.848137427718406)	(55, 37.776756711049245)	(60, 37.816926089021)	(65, 37.65030083453125)	(70, 37.74410136660184)	(75, 37.82278276819805)	(80, 37.80940685187233)	(85, 37.7962442841439)	(90, 37.79233636227632)	(95, 37.73492737691802)	(100, 37.775169605630325)	(105, 37.79824247588445)	(110, 37.74776731993834)	(115, 37.71668347003688)	(120, 37.79269281054254)	(125, 37.75561698723161)	(130, 37.71242690533957)	(135, 37.77967074067088)	(140, 37.776421077280325)	(145, 37.786940203851984)	(150, 37.767130006049214)	(155, 37.77013509909652)	(160, 37.72282634855177)	(165, 37.744142995596434)	(170, 37.75150092039105)	(175, 37.767031137187054)	(180, 37.74014661211534)	(185, 37.75125374823565)	(190, 37.74466856165319)	(195, 37.72161650589636)	(200, 37.71895745386662)	(205, 37.688573491436784)	(210, 37.49000058540774)	(215, 37.69505460553275)	(220, 37.69923831948953)	(225, 37.66671046383807)	(230, 37.670795308932675)	(235, 37.70664307690306)	(240, 37.63803329018661)	(245, 37.697422254600326)	(250, 37.684556293458385)	(255, 37.595665380937824)	(260, 37.66706691210428)	(265, 37.60778982561354)	(270, 37.62379617403522)	(275, 37.646783184487994)	(280, 37.6202551076825)	(285, 37.59247035560268)	(290, 37.57803029810263)	(295, 37.63592322052309)	(300, 37.034103252915656)
ST4D_1	(1, 36.83425276813208)	(2, 36.12035641748018)	(3, 37.503623140929044)	(4, 37.77503767280351)	(5, 37.852702614164976)	(6, 37.83397759287165)	(7, 37.2415514643255)	(8, 37.85599161370635)	(9, 37.82020572626613)	(10, 37.808913057721284)	(15, 37.866036821070566)	(20, 37.89856515757059)	(25, 37.89499312061849)	(30, 37.902412369783136)	(35, 37.89446373583175)	(40, 37.90787132280679)	(45, 37.90064338596606)	(50, 37.863264102732096)	(55, 37.87595099259647)	(60, 37.91195439952827)	(65, 37.775711197012384)	(70, 37.649956102994175)	(75, 37.681430911354255)	(80, 37.604148594640634)	(85, 37.60605385572954)	(90, 37.52476446308065)	(95, 37.71948371879709)	(100, 37.68855926095787)	(105, 37.7817283627072)	(110, 37.83671100045863)	(115, 37.855150363624446)	(120, 37.86288934023456)	(125, 37.8347533250344)	(130, 37.8375076983555)	(135, 37.837916530171)	(140, 37.848805608333876)	(145, 37.87728755814715)	(150, 37.87326737862806)	(155, 37.85276813208412)	(160, 37.817912599095855)	(165, 37.84351176046649)	(170, 37.84890257485422)	(175, 37.849227543733214)	(180, 37.77143942868375)	(185, 37.79247330144794)	(190, 37.80076787001245)	(195, 37.78571185219157)	(200, 37.81567450697766)	(205, 37.8214820153312)	(210, 37.80035379676342)	(215, 37.75686824346459)	(220, 37.77801480704973)	(225, 37.77930944113215)	(230, 37.75037410731835)	(235, 37.71123894385114)	(240, 37.73067417938806)	(245, 37.726855795059954)	(250, 37.74972941099391)	(255, 37.70981589464718)	(260, 37.7626154753325)	(265, 37.75115508091463)	(270, 37.76421149184302)	(275, 37.73143942868374)	(280, 37.64618227085107)	(285, 37.745850750180175)	(290, 37.71469042783201)	(295, 37.70624909912861)	(300, 37.32870995217192)
ST4D_2	(1, 37.79619996068925)	(2, 37.85954268492433)	(3, 37.846688069186925)	(4, 37.806132477232524)	(5, 37.81839743169757)	(6, 37.7821529188233)	(7, 37.87560767870013)	(8, 37.79154818842954)	(9, 37.804206250409486)	(10, 37.805891371290045)	(15, 37.7825774749394)	(20, 37.80253947454629)	(25, 37.84082814649807)	(30, 37.90989713686693)	(35, 37.80261023389897)	(40, 37.82656358514053)	(45, 37.81517657079211)	(50, 37.829637685907095)	(55, 37.73689051955709)	(60, 37.79177881150495)	(65, 37.583395138570395)	(70, 37.69955840922492)	(75, 37.802607613182204)	(80, 37.786073511105286)	(85, 37.76953416759484)	(90, 37.7496140994562)	(95, 37.653669658651644)	(100, 37.74241761121667)	(105, 37.774898774814915)	(110, 37.73853895040294)	(115, 37.69320841250082)	(120, 37.77300399659306)	(125, 37.716745069776586)	(130, 37.656222236781765)	(135, 37.75066238616261)	(140, 37.74760138897988)	(145, 37.76220140208347)	(150, 37.74167856908865)	(155, 37.745339710410796)	(160, 37.695949682238094)	(165, 37.71499967241041)	(170, 37.72462556509205)	(175, 37.739353993317174)	(180, 37.70833256895761)	(185, 37.72735111052873)	(190, 37.71673982834305)	(195, 37.693218895367885)	(200, 37.6988193670969)	(205, 37.656819760204414)	(210, 37.43549498787919)	(215, 37.653606761449254)	(220, 37.667795322020574)	(225, 37.63237895564437)	(230, 37.63883640175588)	(235, 37.678859988206774)	(240, 37.60459673720763)	(245, 37.66763021686431)	(250, 37.65122452990893)	(255, 37.56430321692983)	(260, 37.627908012841516)	(265, 37.56984865360676)	(270, 37.58915023258861)	(275, 37.61228854091594)	(280, 37.5860184760532)	(285, 37.544608530433074)	(290, 37.52923540588351)	(295, 37.593694555460914)	(300, 37.01414531874468)
ST4Q_1	(1, 36.89497682809244)	(2, 36.27136947528848)	(3, 37.58503312494168)	(4, 37.77511119405306)	(5, 37.85637771764486)	(6, 37.86162794314329)	(7, 37.223252775963424)	(8, 37.862063388386055)	(9, 37.8174364716494)	(10, 37.80406208205032)	(15, 37.866049578551205)	(20, 37.89648844514945)	(25, 37.89336070417717)	(30, 37.90278871574757)	(35, 37.89515722683587)	(40, 37.9084868277814)	(45, 37.906369319772324)	(50, 37.867778918229604)	(55, 37.878958663805165)	(60, 37.91284128020901)	(65, 37.776126403533326)	(70, 37.67486921091101)	(75, 37.66385369039843)	(80, 37.59431930577587)	(85, 37.611560449130664)	(90, 37.526083792106)	(95, 37.706119249790056)	(100, 37.74706354390221)	(105, 37.79621660290504)	(110, 37.81121831358278)	(115, 37.86925694379646)	(120, 37.87456439924108)	(125, 37.83520263755404)	(130, 37.832505365307455)	(135, 37.84211253149202)	(140, 37.85478274392709)	(145, 37.87991166682218)	(150, 37.87687350315697)	(155, 37.84848496158751)	(160, 37.822330876178036)	(165, 37.84524524898138)	(170, 37.854026313333954)	(175, 37.85032627289976)	(180, 37.7765295014152)	(185, 37.79298933159155)	(190, 37.802225747255136)	(195, 37.786567136325466)	(200, 37.81623713103791)	(205, 37.82354763459924)	(210, 37.80325837454511)	(215, 37.763849335946006)	(220, 37.78559920375727)	(225, 37.78223507822463)	(230, 37.75884793630058)	(235, 37.722061522192156)	(240, 37.74484152903487)	(245, 37.739745575565294)	(250, 37.760204037199465)	(255, 37.716345992348614)	(260, 37.772331809274974)	(265, 37.76570806506796)	(270, 37.772092936456104)	(275, 37.74917109887717)	(280, 37.668596311156726)	(285, 37.76273708438307)	(290, 37.7350601847532)	(295, 37.719744953500665)	(300, 37.40979129731579)
ST4Q_2	(1, 37.77256072905975)	(2, 37.877279089297375)	(3, 37.861851886410996)	(4, 37.82057167739728)	(5, 37.8336350346801)	(6, 37.801262791204)	(7, 37.87148144692234)	(8, 37.80795620664987)	(9, 37.810581319399084)	(10, 37.81354483530839)	(15, 37.81101925290038)	(20, 37.82810861248483)	(25, 37.84669092718733)	(30, 37.90989020559236)	(35, 37.81350253491338)	(40, 37.843319336879105)	(45, 37.83538676868527)	(50, 37.83842493235047)	(55, 37.75702653105658)	(60, 37.7893266150353)	(65, 37.609811203384034)	(70, 37.71997884980249)	(75, 37.81237286554073)	(80, 37.79803303163199)	(85, 37.78002799290847)	(90, 37.767372710024574)	(95, 37.652982488880596)	(100, 37.75213959130353)	(105, 37.78310845696868)	(110, 37.73061366675998)	(115, 37.69953780597804)	(120, 37.777266025940094)	(125, 37.745341668999416)	(130, 37.690886131069014)	(135, 37.76498398183571)	(140, 37.757223103480456)	(145, 37.76747224036577)	(150, 37.75698671892009)	(155, 37.75475972753569)	(160, 37.70953314049329)	(165, 37.73725731703524)	(170, 37.74028055114927)	(175, 37.756090945849266)	(180, 37.72603527106467)	(185, 37.74223383409536)	(190, 37.730882398681224)	(195, 37.7010158315449)	(200, 37.709057883114056)	(205, 37.672221703835035)	(210, 37.47261609281204)	(215, 37.681699480576036)	(220, 37.68364529874654)	(225, 37.65763802059034)	(230, 37.64575907436783)	(235, 37.69303100992193)	(240, 37.63227768965196)	(245, 37.687365245248984)	(250, 37.66508537837081)	(255, 37.59863892258405)	(260, 37.654388354950086)	(265, 37.589131286740695)	(270, 37.61139124755062)	(275, 37.617285932008336)	(280, 37.61261547074741)	(285, 37.57006624988336)	(290, 37.55924979005319)	(295, 37.617375509315416)	(300, 36.98683711237598)
ST4Z_1	(1, 36.96833906836113)	(2, 36.4654139060012)	(3, 37.563080336110396)	(4, 37.80226975900956)	(5, 37.869432202429586)	(6, 37.87298652815133)	(7, 37.22376150235862)	(8, 37.87182958320164)	(9, 37.84155817822916)	(10, 37.824048949505915)	(15, 37.882571280332535)	(20, 37.90818866551767)	(25, 37.908081320109964)	(30, 37.91277112169987)	(35, 37.90810278919151)	(40, 37.91966985323497)	(45, 37.9132028887842)	(50, 37.88116147731135)	(55, 37.89066750952691)	(60, 37.92329812801536)	(65, 37.84598080902656)	(70, 37.856445793550925)	(75, 37.861927565704335)	(80, 37.81209544199472)	(85, 37.79664008873887)	(90, 37.7247138946703)	(95, 37.76680999266473)	(100, 37.78583159890985)	(105, 37.80449300167578)	(110, 37.82412289856455)	(115, 37.87127377253508)	(120, 37.87782422785851)	(125, 37.850675381523466)	(130, 37.85092346868794)	(135, 37.85372399110226)	(140, 37.86650525097953)	(145, 37.89012601158138)	(150, 37.88389282157404)	(155, 37.86322286695729)	(160, 37.83519378827908)	(165, 37.85487855059846)	(170, 37.86045812634555)	(175, 37.862984321606845)	(180, 37.792575275967145)	(185, 37.816300996523196)	(190, 37.822162055783835)	(195, 37.8063989790259)	(200, 37.832378953143724)	(205, 37.844070060769425)	(210, 37.82324982258189)	(215, 37.786144093318946)	(220, 37.80877250526291)	(225, 37.804049307323936)	(230, 37.77928591449342)	(235, 37.74494731129572)	(240, 37.7654789096092)	(245, 37.76472033539476)	(250, 37.78292611654133)	(255, 37.73836107416971)	(260, 37.792804279503585)	(265, 37.78503724289284)	(270, 37.79097940757262)	(275, 37.771948259513486)	(280, 37.69288001765235)	(285, 37.781556866229735)	(290, 37.75801244014002)	(295, 37.73865448495077)	(300, 37.46416154291133)
ST4Z_2	(1, 37.80333128581908)	(2, 37.86932485702188)	(3, 37.85818478915573)	(4, 37.81051150086771)	(5, 37.84056821502478)	(6, 37.807195720496416)	(7, 37.89919073489859)	(8, 37.81828807929247)	(9, 37.825456367073585)	(10, 37.83704490019859)	(15, 37.8195142023938)	(20, 37.83793467435578)	(25, 37.86316561607318)	(30, 37.9211559907683)	(35, 37.84289164673819)	(40, 37.86255493997602)	(45, 37.85228556263903)	(50, 37.85771724026884)	(55, 37.79540442382353)	(60, 37.833416625418195)	(65, 37.691276992897315)	(70, 37.77051460195726)	(75, 37.83978817172879)	(80, 37.827152424515305)	(85, 37.82038489292295)	(90, 37.81531341877233)	(95, 37.773796985979494)	(100, 37.79750600836101)	(105, 37.81680432721266)	(110, 37.774815574625926)	(115, 37.75060799246197)	(120, 37.81040654091352)	(125, 37.787265256466064)	(130, 37.743239326586476)	(135, 37.807584549417655)	(140, 37.798837091416544)	(145, 37.8075535385221)	(150, 37.79829320801751)	(155, 37.799660072875604)	(160, 37.75595379376561)	(165, 37.77478456373037)	(170, 37.782360764060755)	(175, 37.80089812324446)	(180, 37.77702450457112)	(185, 37.785955642492084)	(190, 37.77589379960998)	(195, 37.76177668577017)	(200, 37.7600520028864)	(205, 37.72581597418939)	(210, 37.53973390266157)	(215, 37.73692503115999)	(220, 37.74054853503337)	(225, 37.71242642366847)	(230, 37.71514822611714)	(235, 37.74929360758097)	(240, 37.694490198767916)	(245, 37.740827633093396)	(250, 37.732108800534334)	(255, 37.65198380277071)	(260, 37.717047047106746)	(265, 37.66118211148417)	(270, 37.67196674677815)	(275, 37.69183280356387)	(280, 37.67366041876636)	(285, 37.64132082560546)	(290, 37.63092979013973)	(295, 37.68930422284907)	(300, 37.0478462336671)
STD_1	(1, 36.9667335303295)	(2, 36.67927729727009)	(3, 37.590564314935044)	(4, 37.81203402138199)	(5, 37.853029355304876)	(6, 37.889710904528755)	(7, 37.26366571044439)	(8, 37.88439057006665)	(9, 37.83906707216243)	(10, 37.82566270517439)	(15, 37.882098512463244)	(20, 37.89774029578184)	(25, 37.84125559893306)	(30, 37.89075484042591)	(35, 37.866784576781775)	(40, 37.85653214848047)	(45, 37.85477787603621)	(50, 37.758594856530706)	(55, 37.89056503389916)	(60, 37.90931849391397)	(65, 37.85947414964519)	(70, 37.83014041369195)	(75, 37.828391892960624)	(80, 37.808212008138675)	(85, 37.79922495668241)	(90, 37.73671534053735)	(95, 37.820046157496286)	(100, 37.81001517014286)	(105, 37.83438230197931)	(110, 37.853955381086934)	(115, 37.888560561942356)	(120, 37.877695576213796)	(125, 37.848833480720984)	(130, 37.87071299671434)	(135, 37.878845918800195)	(140, 37.85298909331435)	(145, 37.8644982708913)	(150, 37.85876956481102)	(155, 37.82501851332599)	(160, 37.84872707403173)	(165, 37.85266699739016)	(170, 37.85142750325331)	(175, 37.85588508077562)	(180, 37.83883987950161)	(185, 37.8438151111878)	(190, 37.78933201043936)	(195, 37.83433053656292)	(200, 37.80826664941153)	(205, 37.81233886216739)	(210, 37.74605899819541)	(215, 37.69782513354759)	(220, 37.77979854625456)	(225, 37.79511248193602)	(230, 37.79412893902465)	(235, 37.78134863288973)	(240, 37.78000848377658)	(245, 37.77022194422277)	(250, 37.68090646995809)	(255, 37.674622723579866)	(260, 37.72309528431437)	(265, 37.758686883937614)	(270, 37.747243851059395)	(275, 37.735921604152736)	(280, 37.739317990639094)	(285, 37.73290770657637)	(290, 37.74351386522299)	(295, 37.771170976856546)	(300, 35.94665286255563)
STD_2	(1, 37.82441458346814)	(2, 37.87984671685036)	(3, 37.862347130254726)	(4, 37.81690859809187)	(5, 37.838808245080486)	(6, 37.80419731251213)	(7, 37.89833847392676)	(8, 37.815154325647605)	(9, 37.82106421068524)	(10, 37.83410909561504)	(15, 37.8180905750994)	(20, 37.82943870471424)	(25, 37.84905492166886)	(30, 37.90511686761714)	(35, 37.80252356404891)	(40, 37.84955244483748)	(45, 37.813437439337406)	(50, 37.84690665688875)	(55, 37.80981098433377)	(60, 37.83787934344197)	(65, 37.667944984865805)	(70, 37.812612068531664)	(75, 37.83121310815377)	(80, 37.565409198426906)	(85, 37.70074987957351)	(90, 37.664243757594065)	(95, 37.6918260969595)	(100, 37.73526303302202)	(105, 37.73507322649526)	(110, 37.68418782218579)	(115, 37.68880357181373)	(120, 37.783203560310305)	(125, 37.734621717030095)	(130, 37.749308716001984)	(135, 37.7836780766272)	(140, 37.78584647240256)	(145, 37.78703707697949)	(150, 37.77841238343794)	(155, 37.76872362300397)	(160, 37.738153268770354)	(165, 37.76606345577292)	(170, 37.78167935638332)	(175, 37.75812321607029)	(180, 37.747534312562465)	(185, 37.740077216746116)	(190, 37.747272609624055)	(195, 37.69955639914012)	(200, 37.68224086735831)	(205, 37.71509177576947)	(210, 37.70674316444867)	(215, 37.68509946868552)	(220, 37.71036674359583)	(225, 37.69344232829339)	(230, 37.61509824644652)	(235, 37.662213402929055)	(240, 37.67401591786554)	(245, 37.683100748441646)	(250, 37.67704131886778)	(255, 37.65930591204193)	(260, 37.6469742395157)	(265, 37.611721990955424)	(270, 37.68383121598401)	(275, 37.685732157108035)	(280, 37.6836126508926)	(285, 37.61533981838967)	(290, 37.65369799193322)	(295, 37.67054475911108)	(300, 37.14436080495223)
STQ_1	(1, 36.95918965928856)	(2, 36.41911258142628)	(3, 37.544776781146616)	(4, 37.79172606664166)	(5, 37.87569318918182)	(6, 37.8771119675318)	(7, 37.23237270215886)	(8, 37.88506531155145)	(9, 37.87383786364722)	(10, 37.82219978854746)	(15, 37.88332730807271)	(20, 37.901484942532655)	(25, 37.878467992224)	(30, 37.899315848709115)	(35, 37.893583438491184)	(40, 37.88585109648375)	(45, 37.89442379182156)	(50, 37.821353978377275)	(55, 37.89675386241943)	(60, 37.921023157463935)	(65, 37.875300296715665)	(70, 37.87694826233758)	(75, 37.87707104123324)	(80, 37.85816309129976)	(85, 37.86088059752396)	(90, 37.812006411786776)	(95, 37.860075713652336)	(100, 37.86837011015996)	(105, 37.85749190000341)	(110, 37.871630571945026)	(115, 37.89816718392961)	(120, 37.89467480645271)	(125, 37.872173527505886)	(130, 37.88690426656662)	(135, 37.874631833839224)	(140, 37.86506872207633)	(145, 37.868266430203605)	(150, 37.86565806077556)	(155, 37.84793697350022)	(160, 37.8581958323386)	(165, 37.86634289417141)	(170, 37.86803178609188)	(175, 37.86936871184475)	(180, 37.82429248661369)	(185, 37.84311312711026)	(190, 37.821760512942944)	(195, 37.84006548207769)	(200, 37.83520070938918)	(205, 37.83884314996077)	(210, 37.790623785000506)	(215, 37.76070120391528)	(220, 37.79351591009857)	(225, 37.81170628559735)	(230, 37.792380887418574)	(235, 37.79934927185294)	(240, 37.79607516796835)	(245, 37.792148971726746)	(250, 37.738336345963646)	(255, 37.73144981412639)	(260, 37.74291463456226)	(265, 37.76721939906552)	(270, 37.78075236178849)	(275, 37.75818560076395)	(280, 37.73365983424849)	(285, 37.765560519763994)	(290, 37.77064083762491)	(295, 37.77867876266157)	(300, 36.80390164046247)
STQ_2	(1, 37.83750895262781)	(2, 37.87288291668088)	(3, 37.85259711469595)	(4, 37.83072882916681)	(5, 37.833088912383616)	(6, 37.80667780771461)	(7, 37.90048088400805)	(8, 37.81270761570206)	(9, 37.836622216159064)	(10, 37.84132328365335)	(15, 37.826409740459056)	(20, 37.83956345281538)	(25, 37.8372224685379)	(30, 37.91240135056785)	(35, 37.81533235564954)	(40, 37.85532553459978)	(45, 37.836895058149445)	(50, 37.862018348623856)	(55, 37.82236622216159)	(60, 37.847866034582715)	(65, 37.745604856587434)	(70, 37.7807714607278)	(75, 37.82085194911497)	(80, 37.32319361549743)	(85, 37.62338255857577)	(90, 37.53575935336448)	(95, 37.73449200231916)	(100, 37.73190546025033)	(105, 37.7360144606255)	(110, 37.60226186010027)	(115, 37.74163773404727)	(120, 37.79498925684663)	(125, 37.73348794379454)	(130, 37.74604958903175)	(135, 37.78310971658538)	(140, 37.779551857030796)	(145, 37.77394768254835)	(150, 37.77831588281437)	(155, 37.77104191535077)	(160, 37.73662016984414)	(165, 37.770973704853176)	(170, 37.78249036526721)	(175, 37.77486443163603)	(180, 37.753558200607074)	(185, 37.77025067357866)	(190, 37.763579686913815)	(195, 37.74927458135807)	(200, 37.731359776269564)	(205, 37.7432284028512)	(210, 37.71930016029467)	(215, 37.72699430442346)	(220, 37.71569864602162)	(225, 37.722145902254354)	(230, 37.68747587053648)	(235, 37.707385150574666)	(240, 37.71258006207155)	(245, 37.70423109716586)	(250, 37.63226902220252)	(255, 37.68459193069813)	(260, 37.68004911155826)	(265, 37.64790013983152)	(270, 37.69676068346918)	(275, 37.69023430305924)	(280, 37.689129292998196)	(285, 37.67239862214795)	(290, 37.66215613382899)	(295, 37.66169230244535)	(300, 36.4880597523959)
STZ_1	(1, 36.89796137819795)	(2, 35.8748689457413)	(3, 37.41172991621488)	(4, 37.73620681930194)	(5, 37.865603297638785)	(6, 37.83719700703436)	(7, 37.143366638290246)	(8, 37.861104888211834)	(9, 37.842322684708094)	(10, 37.779807339038484)	(15, 37.85652403781531)	(20, 37.875840315426316)	(25, 37.865036964021684)	(30, 37.891106232358084)	(35, 37.872585689322996)	(40, 37.85852771181505)	(45, 37.874094717505265)	(50, 37.779570769299696)	(55, 37.877750795286524)	(60, 37.906268201980374)	(65, 37.8643702674851)	(70, 37.83618620905955)	(75, 37.84919396030288)	(80, 37.81743268067566)	(85, 37.78419104798602)	(90, 37.7151807876697)	(95, 37.7643908777275)	(100, 37.761365652583)	(105, 37.726425019042075)	(110, 37.797596666517315)	(115, 37.859922039517905)	(120, 37.851280075272186)	(125, 37.8600188180474)	(130, 37.85656346610511)	(135, 37.85582866615888)	(140, 37.838645100586945)	(145, 37.845423182042204)	(150, 37.82875576862763)	(155, 37.825723374703166)	(160, 37.824891796227426)	(165, 37.848054124288716)	(170, 37.84264527980644)	(175, 37.831329360634435)	(180, 37.7978726645459)	(185, 37.820981226757475)	(190, 37.77502217841302)	(195, 37.793112594650296)	(200, 37.794886867691204)	(205, 37.82281643442807)	(210, 37.769624087100674)	(215, 37.72282629150051)	(220, 37.71289036247144)	(225, 37.76872798960527)	(230, 37.6990832922622)	(235, 37.72348223486715)	(240, 37.723639948026346)	(245, 37.71163941036785)	(250, 37.65180877279448)	(255, 37.64157533939692)	(260, 37.65560822617501)	(265, 37.720747345311175)	(270, 37.70912675299073)	(275, 37.66966620368296)	(280, 37.668261122810165)	(285, 37.7074349209194)	(290, 37.68953806174112)	(295, 37.69807966306734)	(300, 36.67373986289708)
STZ_2	(1, 37.815851964693756)	(2, 37.84579954299028)	(3, 37.83250145615843)	(4, 37.814830413549)	(5, 37.81129978941709)	(6, 37.78307271831175)	(7, 37.86142748331019)	(8, 37.785456337649535)	(9, 37.817285720686414)	(10, 37.81617814418208)	(15, 37.80151082037726)	(20, 37.80726376629777)	(25, 37.77533043595143)	(30, 37.89093776602895)	(35, 37.780241050226266)	(40, 37.81521035888704)	(45, 37.79994802634526)	(50, 37.82772346431292)	(55, 37.78231999641561)	(60, 37.79634571441373)	(65, 37.5708481562794)	(70, 37.72640709709216)	(75, 37.75047627581881)	(80, 37.73578027689412)	(85, 37.73654733635019)	(90, 37.78064967068417)	(95, 37.70380034947803)	(100, 37.751028271875974)	(105, 37.761043057484656)	(110, 37.73854384156996)	(115, 37.678989202025186)	(120, 37.76900040324388)	(125, 37.62479680989291)	(130, 37.70286482369282)	(135, 37.75496393207582)	(140, 37.724012724584426)	(145, 37.74513553474618)	(150, 37.72699135265917)	(155, 37.73657242708007)	(160, 37.71044939289395)	(165, 37.73119584210762)	(170, 37.75864151619696)	(175, 37.717166539719514)	(180, 37.69220843227744)	(185, 37.72448227967203)	(190, 37.6994919127201)	(195, 37.71386173215646)	(200, 37.71013038218558)	(205, 37.70054930776469)	(210, 37.64299834221963)	(215, 37.62876114521261)	(220, 37.65934316053587)	(225, 37.66111026479681)	(230, 37.64324924951835)	(235, 37.66929701151485)	(240, 37.65265110444016)	(245, 37.677566199202474)	(250, 37.618463192795375)	(255, 37.618434517675524)	(260, 37.60933375151217)	(265, 37.58219275057126)	(270, 37.62868945741296)	(275, 37.63662171244231)	(280, 37.606036112729065)	(285, 37.58342578072494)	(290, 37.58313544513643)	(295, 37.548653613513146)	(300, 35.81858506205475)
