Sample	0	1	2	3	4	5	6	7	8	9	10	11	12	13	14	15	16	17	18	19	20	21	22	23	24	25	26	27	28	29	30	31	32	33	34	35	36	37	38	39	40	41	42	43	44	45	46	47	48	49	50	51	52	53	54	55	56	57	58	59	60	61	62	63	64	65	66	67	68	69	70	71	72	73	74	75	76	77	78	79	80	81	82	83	84	85	86	87	88	89	90	91	92	93	94	95	96	97	98	99	100
1D_1	(0.0, 0.0)	(1.0, 0.0)	(2.0, 0.0)	(3.0, 0.0)	(4.0, 0.0)	(5.0, 0.0)	(6.0, 0.0)	(7.0, 0.0)	(8.0, 0.0)	(9.0, 0.0)	(10.0, 0.0)	(11.0, 0.0)	(12.0, 0.0)	(13.0, 0.0)	(14.0, 0.0)	(15.0, 0.0)	(16.0, 0.0)	(17.0, 0.0)	(18.0, 0.0)	(19.0, 0.0)	(20.0, 0.0)	(21.0, 0.0)	(22.0, 0.0)	(23.0, 0.0)	(24.0, 0.0)	(25.0, 0.0)	(26.0, 0.0)	(27.0, 0.0)	(28.0, 0.0)	(29.0, 0.0)	(30.0, 0.0)	(31.0, 0.0)	(32.0, 0.25)	(33.0, 0.5)	(34.0, 0.25)	(35.0, 0.5)	(36.0, 0.25)	(37.0, 0.75)	(38.0, 1.75)	(39.0, 2.0)	(40.0, 3.75)	(41.0, 135.25)	(42.0, 1397.0)	(43.0, 139.25)	(44.0, 304.25)	(45.0, 5534.75)	(46.0, 2819.25)	(47.0, 879.0)	(48.0, 9598.5)	(49.0, 942.0)	(50.0, 48.25)	(51.0, 2.0)	(52.0, 1.0)	(53.0, 2.0)	(54.0, 1.0)	(55.0, 1.5)	(56.0, 2.25)	(57.0, 9.25)	(58.0, 71.5)	(59.0, 557.75)	(60.0, 4267.25)	(61.0, 505.25)	(62.0, 3.5)	(63.0, 0.75)	(64.0, 0.25)	(65.0, 0.0)	(66.0, 0.25)	(67.0, 0.25)	(68.0, 0.0)	(69.0, 0.0)	(70.0, 0.0)	(71.0, 0.0)	(72.0, 0.0)	(73.0, 0.25)	(74.0, 0.0)	(75.0, 0.0)	(76.0, 0.0)	(77.0, 0.0)	(78.0, 0.25)	(79.0, 0.5)	(80.0, 21.25)	(81.0, 101.0)	(82.0, 3.25)	(83.0, 38.0)	(84.0, 388.0)	(85.0, 56.0)	(86.0, 3.5)	(87.0, 2.0)	(88.0, 0.5)	(89.0, 0.0)	(90.0, 1.75)	(91.0, 1.25)	(92.0, 0.0)	(93.0, 0.0)	(94.0, 0.0)	(95.0, 0.0)	(96.0, 0.0)	(97.0, 0.0)	(98.0, 0.0)	(99.0, 0.0)	(100.0, 0.3333333333333333)
1D_2	(0.0, 0.0)	(1.0, 0.0)	(2.0, 0.0)	(3.0, 0.0)	(4.0, 0.0)	(5.0, 0.0)	(6.0, 0.0)	(7.0, 0.0)	(8.0, 0.0)	(9.0, 0.0)	(10.0, 0.0)	(11.0, 0.0)	(12.0, 0.0)	(13.0, 0.0)	(14.0, 0.0)	(15.0, 0.0)	(16.0, 0.0)	(17.0, 0.0)	(18.0, 0.0)	(19.0, 0.0)	(20.0, 0.0)	(21.0, 0.0)	(22.0, 0.0)	(23.0, 0.0)	(24.0, 0.0)	(25.0, 0.0)	(26.0, 0.0)	(27.0, 0.0)	(28.0, 0.25)	(29.0, 0.25)	(30.0, 0.75)	(31.0, 0.25)	(32.0, 0.25)	(33.0, 1.25)	(34.0, 1.5)	(35.0, 2.25)	(36.0, 1.5)	(37.0, 1.75)	(38.0, 5.75)	(39.0, 15.25)	(40.0, 1405.75)	(41.0, 129.75)	(42.0, 12.75)	(43.0, 15.0)	(44.0, 15.25)	(45.0, 6942.75)	(46.0, 7409.25)	(47.0, 593.5)	(48.0, 6630.25)	(49.0, 3365.0)	(50.0, 318.0)	(51.0, 19.75)	(52.0, 7.5)	(53.0, 3.75)	(54.0, 3.0)	(55.0, 5.0)	(56.0, 5.0)	(57.0, 5.5)	(58.0, 11.5)	(59.0, 90.0)	(60.0, 401.5)	(61.0, 4185.25)	(62.0, 1168.25)	(63.0, 5.25)	(64.0, 2.25)	(65.0, 1.75)	(66.0, 3.0)	(67.0, 2.75)	(68.0, 2.5)	(69.0, 0.75)	(70.0, 1.0)	(71.0, 0.75)	(72.0, 0.5)	(73.0, 0.25)	(74.0, 1.0)	(75.0, 0.25)	(76.0, 0.75)	(77.0, 1.0)	(78.0, 0.75)	(79.0, 24.5)	(80.0, 101.5)	(81.0, 3.25)	(82.0, 40.75)	(83.0, 384.5)	(84.0, 46.75)	(85.0, 0.5)	(86.0, 0.5)	(87.0, 0.5)	(88.0, 0.5)	(89.0, 0.0)	(90.0, 0.25)	(91.0, 0.0)	(92.0, 0.25)	(93.0, 0.0)	(94.0, 0.0)	(95.0, 0.0)	(96.0, 0.25)	(97.0, 0.0)	(98.0, 0.0)	(99.0, 1.0)	(100.0, 251.00000000000276)
1Q_1	(0.0, 0.0)	(1.0, 0.0)	(2.0, 0.0)	(3.0, 0.0)	(4.0, 0.0)	(5.0, 0.0)	(6.0, 0.0)	(7.0, 0.0)	(8.0, 0.0)	(9.0, 0.0)	(10.0, 0.0)	(11.0, 0.0)	(12.0, 0.0)	(13.0, 0.0)	(14.0, 0.0)	(15.0, 0.0)	(16.0, 0.0)	(17.0, 0.0)	(18.0, 0.0)	(19.0, 0.0)	(20.0, 0.0)	(21.0, 0.0)	(22.0, 0.0)	(23.0, 0.0)	(24.0, 0.0)	(25.0, 0.0)	(26.0, 0.0)	(27.0, 0.0)	(28.0, 0.0)	(29.0, 0.0)	(30.0, 0.0)	(31.0, 0.5)	(32.0, 0.5)	(33.0, 0.0)	(34.0, 0.0)	(35.0, 0.25)	(36.0, 0.5)	(37.0, 0.75)	(38.0, 1.25)	(39.0, 2.25)	(40.0, 5.75)	(41.0, 175.0)	(42.0, 1566.0)	(43.0, 161.5)	(44.0, 370.25)	(45.0, 8475.25)	(46.0, 4798.75)	(47.0, 1366.25)	(48.0, 15748.25)	(49.0, 1683.0)	(50.0, 93.75)	(51.0, 6.25)	(52.0, 1.75)	(53.0, 3.0)	(54.0, 4.75)	(55.0, 3.25)	(56.0, 3.0)	(57.0, 13.75)	(58.0, 126.5)	(59.0, 942.75)	(60.0, 6603.0)	(61.0, 909.25)	(62.0, 5.25)	(63.0, 1.0)	(64.0, 1.0)	(65.0, 1.0)	(66.0, 0.25)	(67.0, 0.0)	(68.0, 1.0)	(69.0, 0.0)	(70.0, 0.0)	(71.0, 0.0)	(72.0, 0.25)	(73.0, 0.25)	(74.0, 0.0)	(75.0, 0.0)	(76.0, 0.5)	(77.0, 0.5)	(78.0, 0.0)	(79.0, 0.25)	(80.0, 43.75)	(81.0, 32.5)	(82.0, 2.0)	(83.0, 83.75)	(84.0, 281.25)	(85.0, 13.25)	(86.0, 2.0)	(87.0, 0.5)	(88.0, 0.0)	(89.0, 0.25)	(90.0, 1.25)	(91.0, 0.25)	(92.0, 0.0)	(93.0, 0.0)	(94.0, 0.0)	(95.0, 0.0)	(96.0, 0.0)	(97.0, 0.0)	(98.0, 0.0)	(99.0, 0.0)	(100.0, 0.3333333333333333)
1Q_2	(0.0, 0.0)	(1.0, 0.0)	(2.0, 0.0)	(3.0, 0.0)	(4.0, 0.0)	(5.0, 0.0)	(6.0, 0.0)	(7.0, 0.0)	(8.0, 0.0)	(9.0, 0.0)	(10.0, 0.0)	(11.0, 0.0)	(12.0, 0.0)	(13.0, 0.0)	(14.0, 0.0)	(15.0, 0.0)	(16.0, 0.0)	(17.0, 0.0)	(18.0, 0.0)	(19.0, 0.0)	(20.0, 0.0)	(21.0, 0.25)	(22.0, 0.25)	(23.0, 0.0)	(24.0, 0.0)	(25.0, 0.0)	(26.0, 0.0)	(27.0, 0.0)	(28.0, 0.5)	(29.0, 0.25)	(30.0, 0.75)	(31.0, 0.5)	(32.0, 1.25)	(33.0, 2.5)	(34.0, 2.75)	(35.0, 3.75)	(36.0, 5.25)	(37.0, 7.25)	(38.0, 10.5)	(39.0, 19.5)	(40.0, 1576.5)	(41.0, 148.25)	(42.0, 18.25)	(43.0, 22.75)	(44.0, 27.0)	(45.0, 10905.25)	(46.0, 11776.5)	(47.0, 928.5)	(48.0, 10402.0)	(49.0, 6053.0)	(50.0, 563.25)	(51.0, 34.75)	(52.0, 12.75)	(53.0, 10.0)	(54.0, 6.25)	(55.0, 6.25)	(56.0, 5.75)	(57.0, 10.0)	(58.0, 14.25)	(59.0, 139.75)	(60.0, 689.0)	(61.0, 6445.5)	(62.0, 1879.5)	(63.0, 9.0)	(64.0, 3.5)	(65.0, 2.25)	(66.0, 3.5)	(67.0, 1.25)	(68.0, 3.0)	(69.0, 2.0)	(70.0, 1.5)	(71.0, 1.0)	(72.0, 0.75)	(73.0, 1.0)	(74.0, 1.75)	(75.0, 1.0)	(76.0, 0.75)	(77.0, 0.5)	(78.0, 1.25)	(79.0, 1.25)	(80.0, 1.5)	(81.0, 46.75)	(82.0, 3.25)	(83.0, 11.75)	(84.0, 280.75)	(85.0, 244.25)	(86.0, 1.0)	(87.0, 0.25)	(88.0, 0.0)	(89.0, 0.25)	(90.0, 0.25)	(91.0, 0.0)	(92.0, 0.0)	(93.0, 0.0)	(94.0, 0.0)	(95.0, 0.25)	(96.0, 0.25)	(97.0, 0.25)	(98.0, 0.25)	(99.0, 0.5)	(100.0, 405.33333333332774)
1Z_1	(0.0, 0.0)	(1.0, 0.0)	(2.0, 0.0)	(3.0, 0.0)	(4.0, 0.0)	(5.0, 0.0)	(6.0, 0.0)	(7.0, 0.0)	(8.0, 0.0)	(9.0, 0.0)	(10.0, 0.0)	(11.0, 0.0)	(12.0, 0.0)	(13.0, 0.0)	(14.0, 0.0)	(15.0, 0.0)	(16.0, 0.0)	(17.0, 0.0)	(18.0, 0.0)	(19.0, 0.0)	(20.0, 0.0)	(21.0, 0.0)	(22.0, 0.0)	(23.0, 0.0)	(24.0, 0.0)	(25.0, 0.25)	(26.0, 0.25)	(27.0, 0.0)	(28.0, 0.0)	(29.0, 0.25)	(30.0, 0.0)	(31.0, 0.0)	(32.0, 0.0)	(33.0, 0.0)	(34.0, 0.0)	(35.0, 0.25)	(36.0, 1.0)	(37.0, 0.75)	(38.0, 0.5)	(39.0, 1.5)	(40.0, 2.5)	(41.0, 113.75)	(42.0, 1076.75)	(43.0, 93.75)	(44.0, 257.25)	(45.0, 6578.0)	(46.0, 2565.0)	(47.0, 857.25)	(48.0, 10034.25)	(49.0, 891.0)	(50.0, 48.0)	(51.0, 3.75)	(52.0, 1.5)	(53.0, 0.75)	(54.0, 2.25)	(55.0, 2.25)	(56.0, 1.75)	(57.0, 8.75)	(58.0, 76.0)	(59.0, 569.25)	(60.0, 4508.5)	(61.0, 547.0)	(62.0, 4.75)	(63.0, 0.75)	(64.0, 0.0)	(65.0, 0.0)	(66.0, 0.25)	(67.0, 0.25)	(68.0, 0.0)	(69.0, 0.0)	(70.0, 0.0)	(71.0, 0.0)	(72.0, 0.0)	(73.0, 0.0)	(74.0, 0.0)	(75.0, 0.0)	(76.0, 0.0)	(77.0, 0.0)	(78.0, 0.25)	(79.0, 1.25)	(80.0, 17.25)	(81.0, 3.25)	(82.0, 1.75)	(83.0, 91.5)	(84.0, 93.0)	(85.0, 2.75)	(86.0, 1.0)	(87.0, 0.0)	(88.0, 0.0)	(89.0, 0.0)	(90.0, 1.25)	(91.0, 0.0)	(92.0, 0.0)	(93.0, 0.0)	(94.0, 0.0)	(95.0, 0.0)	(96.0, 0.0)	(97.0, 0.0)	(98.0, 0.0)	(99.0, 0.0)	(100.0, 0.0)
1Z_2	(0.0, 0.0)	(1.0, 0.0)	(2.0, 0.0)	(3.0, 0.0)	(4.0, 0.0)	(5.0, 0.0)	(6.0, 0.0)	(7.0, 0.0)	(8.0, 0.0)	(9.0, 0.0)	(10.0, 0.0)	(11.0, 0.0)	(12.0, 0.0)	(13.0, 0.0)	(14.0, 0.0)	(15.0, 0.0)	(16.0, 0.0)	(17.0, 0.0)	(18.0, 0.0)	(19.0, 0.0)	(20.0, 0.0)	(21.0, 0.0)	(22.0, 0.0)	(23.0, 0.0)	(24.0, 0.0)	(25.0, 0.0)	(26.0, 0.0)	(27.0, 0.0)	(28.0, 0.0)	(29.0, 0.25)	(30.0, 0.0)	(31.0, 0.0)	(32.0, 0.0)	(33.0, 0.5)	(34.0, 0.75)	(35.0, 0.75)	(36.0, 1.25)	(37.0, 1.5)	(38.0, 4.0)	(39.0, 10.5)	(40.0, 1078.5)	(41.0, 106.75)	(42.0, 8.5)	(43.0, 9.5)	(44.0, 15.5)	(45.0, 7608.0)	(46.0, 8232.25)	(47.0, 590.5)	(48.0, 6946.0)	(49.0, 3455.75)	(50.0, 318.5)	(51.0, 24.5)	(52.0, 9.25)	(53.0, 7.0)	(54.0, 6.0)	(55.0, 4.5)	(56.0, 4.5)	(57.0, 3.25)	(58.0, 8.75)	(59.0, 88.25)	(60.0, 416.25)	(61.0, 4399.5)	(62.0, 1226.25)	(63.0, 6.0)	(64.0, 5.0)	(65.0, 3.0)	(66.0, 2.5)	(67.0, 2.75)	(68.0, 3.75)	(69.0, 1.25)	(70.0, 1.25)	(71.0, 1.5)	(72.0, 1.25)	(73.0, 1.5)	(74.0, 1.0)	(75.0, 0.25)	(76.0, 0.5)	(77.0, 0.5)	(78.0, 0.5)	(79.0, 0.25)	(80.0, 18.5)	(81.0, 14.75)	(82.0, 0.75)	(83.0, 26.5)	(84.0, 103.25)	(85.0, 2.0)	(86.0, 0.0)	(87.0, 0.0)	(88.0, 0.0)	(89.0, 0.25)	(90.0, 0.0)	(91.0, 0.0)	(92.0, 0.0)	(93.0, 0.0)	(94.0, 0.0)	(95.0, 0.0)	(96.0, 0.0)	(97.0, 0.0)	(98.0, 0.25)	(99.0, 0.25)	(100.0, 270.66666666666873)
2D_1	(0.0, 0.0)	(1.0, 0.0)	(2.0, 0.0)	(3.0, 0.0)	(4.0, 0.0)	(5.0, 0.0)	(6.0, 0.0)	(7.0, 0.0)	(8.0, 0.0)	(9.0, 0.0)	(10.0, 0.0)	(11.0, 0.0)	(12.0, 0.0)	(13.0, 0.0)	(14.0, 0.0)	(15.0, 0.0)	(16.0, 0.0)	(17.0, 0.0)	(18.0, 0.0)	(19.0, 0.0)	(20.0, 0.0)	(21.0, 0.0)	(22.0, 0.0)	(23.0, 0.0)	(24.0, 0.0)	(25.0, 0.0)	(26.0, 0.0)	(27.0, 0.25)	(28.0, 0.0)	(29.0, 0.25)	(30.0, 0.5)	(31.0, 0.25)	(32.0, 0.5)	(33.0, 0.5)	(34.0, 0.25)	(35.0, 0.25)	(36.0, 0.25)	(37.0, 0.0)	(38.0, 0.5)	(39.0, 0.75)	(40.0, 4.75)	(41.0, 160.5)	(42.0, 1856.75)	(43.0, 180.25)	(44.0, 396.5)	(45.0, 6645.5)	(46.0, 3382.5)	(47.0, 1132.0)	(48.0, 12349.5)	(49.0, 1081.25)	(50.0, 45.75)	(51.0, 2.25)	(52.0, 1.75)	(53.0, 1.75)	(54.0, 2.0)	(55.0, 1.75)	(56.0, 2.0)	(57.0, 7.75)	(58.0, 64.75)	(59.0, 554.25)	(60.0, 4261.5)	(61.0, 490.25)	(62.0, 2.0)	(63.0, 0.75)	(64.0, 0.0)	(65.0, 0.0)	(66.0, 0.0)	(67.0, 0.0)	(68.0, 0.25)	(69.0, 0.0)	(70.0, 0.0)	(71.0, 0.0)	(72.0, 0.0)	(73.0, 0.0)	(74.0, 0.0)	(75.0, 0.0)	(76.0, 0.0)	(77.0, 0.75)	(78.0, 0.5)	(79.0, 0.25)	(80.0, 56.0)	(81.0, 283.25)	(82.0, 21.5)	(83.0, 67.5)	(84.0, 520.0)	(85.0, 129.5)	(86.0, 5.5)	(87.0, 2.5)	(88.0, 1.0)	(89.0, 0.0)	(90.0, 2.75)	(91.0, 2.0)	(92.0, 0.0)	(93.0, 0.0)	(94.0, 0.0)	(95.0, 0.0)	(96.0, 0.0)	(97.0, 0.0)	(98.0, 0.0)	(99.0, 0.0)	(100.0, 0.0)
2D_2	(0.0, 0.0)	(1.0, 0.0)	(2.0, 0.0)	(3.0, 0.0)	(4.0, 0.0)	(5.0, 0.0)	(6.0, 0.0)	(7.0, 0.0)	(8.0, 0.0)	(9.0, 0.0)	(10.0, 0.0)	(11.0, 0.0)	(12.0, 0.0)	(13.0, 0.0)	(14.0, 0.0)	(15.0, 0.0)	(16.0, 0.0)	(17.0, 0.0)	(18.0, 0.0)	(19.0, 0.0)	(20.0, 0.0)	(21.0, 0.0)	(22.0, 0.0)	(23.0, 0.0)	(24.0, 0.0)	(25.0, 0.0)	(26.0, 0.0)	(27.0, 0.0)	(28.0, 0.0)	(29.0, 0.25)	(30.0, 0.0)	(31.0, 0.25)	(32.0, 0.5)	(33.0, 0.0)	(34.0, 1.0)	(35.0, 1.75)	(36.0, 3.75)	(37.0, 5.75)	(38.0, 7.0)	(39.0, 17.0)	(40.0, 1850.75)	(41.0, 180.0)	(42.0, 15.5)	(43.0, 15.75)	(44.0, 19.5)	(45.0, 8423.0)	(46.0, 8872.5)	(47.0, 771.0)	(48.0, 8521.5)	(49.0, 4194.0)	(50.0, 375.75)	(51.0, 22.75)	(52.0, 8.25)	(53.0, 6.0)	(54.0, 5.75)	(55.0, 4.75)	(56.0, 3.75)	(57.0, 4.0)	(58.0, 6.5)	(59.0, 81.75)	(60.0, 392.5)	(61.0, 4188.5)	(62.0, 1151.75)	(63.0, 5.25)	(64.0, 2.25)	(65.0, 2.0)	(66.0, 2.25)	(67.0, 1.5)	(68.0, 1.5)	(69.0, 1.25)	(70.0, 0.75)	(71.0, 1.75)	(72.0, 1.5)	(73.0, 1.0)	(74.0, 0.75)	(75.0, 1.0)	(76.0, 0.75)	(77.0, 1.0)	(78.0, 0.75)	(79.0, 0.5)	(80.0, 62.5)	(81.0, 291.75)	(82.0, 8.25)	(83.0, 73.25)	(84.0, 525.5)	(85.0, 52.75)	(86.0, 0.25)	(87.0, 0.25)	(88.0, 0.25)	(89.0, 0.0)	(90.0, 0.0)	(91.0, 0.0)	(92.0, 0.0)	(93.0, 0.0)	(94.0, 0.0)	(95.0, 0.25)	(96.0, 0.0)	(97.0, 0.25)	(98.0, 0.0)	(99.0, 0.5)	(100.0, 365.99999999999665)
2Q_1	(0.0, 0.0)	(1.0, 0.0)	(2.0, 0.0)	(3.0, 0.0)	(4.0, 0.0)	(5.0, 0.0)	(6.0, 0.0)	(7.0, 0.0)	(8.0, 0.0)	(9.0, 0.0)	(10.0, 0.0)	(11.0, 0.0)	(12.0, 0.0)	(13.0, 0.0)	(14.0, 0.0)	(15.0, 0.0)	(16.0, 0.0)	(17.0, 0.0)	(18.0, 0.0)	(19.0, 0.0)	(20.0, 0.0)	(21.0, 0.0)	(22.0, 0.0)	(23.0, 0.0)	(24.0, 0.0)	(25.0, 0.0)	(26.0, 0.0)	(27.0, 0.0)	(28.0, 0.0)	(29.0, 0.0)	(30.0, 0.25)	(31.0, 0.5)	(32.0, 0.0)	(33.0, 0.0)	(34.0, 0.75)	(35.0, 0.75)	(36.0, 0.0)	(37.0, 0.25)	(38.0, 0.5)	(39.0, 2.0)	(40.0, 4.75)	(41.0, 153.75)	(42.0, 1550.0)	(43.0, 158.75)	(44.0, 354.75)	(45.0, 7619.75)	(46.0, 4318.25)	(47.0, 1189.75)	(48.0, 14381.5)	(49.0, 1458.75)	(50.0, 75.75)	(51.0, 4.75)	(52.0, 1.25)	(53.0, 2.0)	(54.0, 2.0)	(55.0, 1.5)	(56.0, 3.0)	(57.0, 15.75)	(58.0, 114.5)	(59.0, 845.5)	(60.0, 6156.25)	(61.0, 754.5)	(62.0, 3.0)	(63.0, 0.75)	(64.0, 0.25)	(65.0, 0.75)	(66.0, 0.5)	(67.0, 0.0)	(68.0, 0.0)	(69.0, 0.0)	(70.0, 0.0)	(71.0, 0.0)	(72.0, 0.0)	(73.0, 0.0)	(74.0, 0.25)	(75.0, 0.0)	(76.0, 0.0)	(77.0, 0.75)	(78.0, 0.75)	(79.0, 2.0)	(80.0, 30.5)	(81.0, 163.0)	(82.0, 31.25)	(83.0, 73.75)	(84.0, 809.5)	(85.0, 524.5)	(86.0, 15.5)	(87.0, 3.5)	(88.0, 1.0)	(89.0, 0.0)	(90.0, 2.0)	(91.0, 1.75)	(92.0, 0.0)	(93.0, 0.0)	(94.0, 0.0)	(95.0, 0.0)	(96.0, 0.0)	(97.0, 0.0)	(98.0, 0.0)	(99.0, 0.0)	(100.0, 0.0)
2Q_2	(0.0, 0.0)	(1.0, 0.0)	(2.0, 0.0)	(3.0, 0.0)	(4.0, 0.0)	(5.0, 0.0)	(6.0, 0.0)	(7.0, 0.0)	(8.0, 0.0)	(9.0, 0.0)	(10.0, 0.0)	(11.0, 0.0)	(12.0, 0.0)	(13.0, 0.0)	(14.0, 0.0)	(15.0, 0.0)	(16.0, 0.0)	(17.0, 0.0)	(18.0, 0.0)	(19.0, 0.0)	(20.0, 0.0)	(21.0, 0.0)	(22.0, 0.0)	(23.0, 0.0)	(24.0, 0.25)	(25.0, 0.0)	(26.0, 0.0)	(27.0, 0.0)	(28.0, 0.0)	(29.0, 0.25)	(30.0, 0.75)	(31.0, 0.75)	(32.0, 1.5)	(33.0, 1.25)	(34.0, 2.75)	(35.0, 2.5)	(36.0, 2.25)	(37.0, 5.0)	(38.0, 6.25)	(39.0, 14.0)	(40.0, 1575.0)	(41.0, 140.25)	(42.0, 17.0)	(43.0, 19.25)	(44.0, 21.0)	(45.0, 9903.0)	(46.0, 10654.25)	(47.0, 786.25)	(48.0, 9461.25)	(49.0, 5507.25)	(50.0, 466.0)	(51.0, 29.0)	(52.0, 10.0)	(53.0, 5.5)	(54.0, 5.75)	(55.0, 5.75)	(56.0, 4.25)	(57.0, 6.5)	(58.0, 14.75)	(59.0, 142.75)	(60.0, 618.75)	(61.0, 6042.75)	(62.0, 1704.5)	(63.0, 9.75)	(64.0, 3.5)	(65.0, 2.0)	(66.0, 1.0)	(67.0, 1.25)	(68.0, 2.25)	(69.0, 1.75)	(70.0, 1.5)	(71.0, 1.25)	(72.0, 0.25)	(73.0, 0.5)	(74.0, 0.25)	(75.0, 1.25)	(76.0, 2.5)	(77.0, 2.25)	(78.0, 1.25)	(79.0, 4.75)	(80.0, 170.0)	(81.0, 14.0)	(82.0, 36.5)	(83.0, 939.25)	(84.0, 799.5)	(85.0, 1.75)	(86.0, 0.5)	(87.0, 0.0)	(88.0, 0.5)	(89.0, 0.25)	(90.0, 0.25)	(91.0, 0.5)	(92.0, 0.0)	(93.0, 0.25)	(94.0, 0.5)	(95.0, 0.0)	(96.0, 0.25)	(97.0, 0.25)	(98.0, 1.25)	(99.0, 1.0)	(100.0, 324.33333333333235)
2Z_1	(0.0, 0.0)	(1.0, 0.0)	(2.0, 0.0)	(3.0, 0.0)	(4.0, 0.0)	(5.0, 0.0)	(6.0, 0.0)	(7.0, 0.0)	(8.0, 0.0)	(9.0, 0.0)	(10.0, 0.0)	(11.0, 0.0)	(12.0, 0.0)	(13.0, 0.0)	(14.0, 0.0)	(15.0, 0.0)	(16.0, 0.0)	(17.0, 0.0)	(18.0, 0.0)	(19.0, 0.0)	(20.0, 0.0)	(21.0, 0.0)	(22.0, 0.0)	(23.0, 0.0)	(24.0, 0.0)	(25.0, 0.0)	(26.0, 0.0)	(27.0, 0.0)	(28.0, 0.0)	(29.0, 0.0)	(30.0, 0.0)	(31.0, 0.0)	(32.0, 0.0)	(33.0, 0.5)	(34.0, 0.5)	(35.0, 0.5)	(36.0, 0.25)	(37.0, 0.25)	(38.0, 1.0)	(39.0, 1.0)	(40.0, 2.5)	(41.0, 140.5)	(42.0, 1479.5)	(43.0, 145.5)	(44.0, 265.75)	(45.0, 5939.5)	(46.0, 3123.75)	(47.0, 930.25)	(48.0, 11808.0)	(49.0, 1066.25)	(50.0, 59.25)	(51.0, 3.25)	(52.0, 1.5)	(53.0, 1.75)	(54.0, 1.0)	(55.0, 2.0)	(56.0, 3.0)	(57.0, 10.0)	(58.0, 79.0)	(59.0, 649.25)	(60.0, 5327.5)	(61.0, 618.25)	(62.0, 4.25)	(63.0, 0.5)	(64.0, 0.5)	(65.0, 0.5)	(66.0, 0.75)	(67.0, 0.0)	(68.0, 0.0)	(69.0, 0.25)	(70.0, 0.0)	(71.0, 0.0)	(72.0, 0.0)	(73.0, 0.25)	(74.0, 0.0)	(75.0, 0.0)	(76.0, 0.0)	(77.0, 0.0)	(78.0, 0.0)	(79.0, 0.25)	(80.0, 2.0)	(81.0, 33.25)	(82.0, 3.25)	(83.0, 2.5)	(84.0, 125.25)	(85.0, 113.0)	(86.0, 2.0)	(87.0, 2.0)	(88.0, 0.5)	(89.0, 0.25)	(90.0, 0.75)	(91.0, 1.75)	(92.0, 0.0)	(93.0, 0.0)	(94.0, 0.0)	(95.0, 0.0)	(96.0, 0.0)	(97.0, 0.0)	(98.0, 0.0)	(99.0, 0.0)	(100.0, 0.0)
2Z_2	(0.0, 0.0)	(1.0, 0.0)	(2.0, 0.0)	(3.0, 0.0)	(4.0, 0.0)	(5.0, 0.0)	(6.0, 0.0)	(7.0, 0.0)	(8.0, 0.0)	(9.0, 0.0)	(10.0, 0.0)	(11.0, 0.0)	(12.0, 0.0)	(13.0, 0.0)	(14.0, 0.0)	(15.0, 0.0)	(16.0, 0.0)	(17.0, 0.0)	(18.0, 0.0)	(19.0, 0.0)	(20.0, 0.0)	(21.0, 0.0)	(22.0, 0.0)	(23.0, 0.0)	(24.0, 0.0)	(25.0, 0.0)	(26.0, 0.25)	(27.0, 0.0)	(28.0, 0.0)	(29.0, 0.5)	(30.0, 0.25)	(31.0, 0.25)	(32.0, 0.25)	(33.0, 0.5)	(34.0, 1.0)	(35.0, 2.25)	(36.0, 3.0)	(37.0, 2.75)	(38.0, 6.25)	(39.0, 15.75)	(40.0, 1482.0)	(41.0, 136.75)	(42.0, 11.5)	(43.0, 16.25)	(44.0, 20.5)	(45.0, 7600.5)	(46.0, 8140.0)	(47.0, 617.5)	(48.0, 8066.0)	(49.0, 4156.75)	(50.0, 363.0)	(51.0, 23.25)	(52.0, 9.25)	(53.0, 6.25)	(54.0, 5.75)	(55.0, 5.75)	(56.0, 3.75)	(57.0, 4.75)	(58.0, 9.0)	(59.0, 99.25)	(60.0, 489.75)	(61.0, 5232.75)	(62.0, 1385.0)	(63.0, 8.25)	(64.0, 5.25)	(65.0, 3.75)	(66.0, 1.5)	(67.0, 1.25)	(68.0, 1.75)	(69.0, 1.75)	(70.0, 1.0)	(71.0, 1.25)	(72.0, 1.25)	(73.0, 1.0)	(74.0, 0.75)	(75.0, 0.25)	(76.0, 0.5)	(77.0, 0.75)	(78.0, 0.5)	(79.0, 0.75)	(80.0, 15.75)	(81.0, 34.0)	(82.0, 2.75)	(83.0, 13.75)	(84.0, 146.0)	(85.0, 20.75)	(86.0, 0.0)	(87.0, 0.25)	(88.0, 0.25)	(89.0, 0.0)	(90.0, 0.0)	(91.0, 0.0)	(92.0, 0.0)	(93.0, 0.0)	(94.0, 0.0)	(95.0, 0.0)	(96.0, 0.5)	(97.0, 0.5)	(98.0, 0.0)	(99.0, 0.25)	(100.0, 293.3333333333341)
3D_1	(0.0, 0.0)	(1.0, 0.0)	(2.0, 0.0)	(3.0, 0.0)	(4.0, 0.0)	(5.0, 0.0)	(6.0, 0.0)	(7.0, 0.0)	(8.0, 0.0)	(9.0, 0.0)	(10.0, 0.0)	(11.0, 0.0)	(12.0, 0.0)	(13.0, 0.0)	(14.0, 0.0)	(15.0, 0.0)	(16.0, 0.0)	(17.0, 0.0)	(18.0, 0.0)	(19.0, 0.0)	(20.0, 0.0)	(21.0, 0.0)	(22.0, 0.0)	(23.0, 0.0)	(24.0, 0.0)	(25.0, 0.0)	(26.0, 0.0)	(27.0, 0.0)	(28.0, 0.0)	(29.0, 0.0)	(30.0, 0.25)	(31.0, 0.25)	(32.0, 0.25)	(33.0, 0.5)	(34.0, 0.5)	(35.0, 0.5)	(36.0, 0.5)	(37.0, 0.75)	(38.0, 0.75)	(39.0, 1.75)	(40.0, 4.75)	(41.0, 162.75)	(42.0, 1885.25)	(43.0, 190.0)	(44.0, 461.5)	(45.0, 7028.5)	(46.0, 4112.75)	(47.0, 1357.25)	(48.0, 14316.0)	(49.0, 1399.75)	(50.0, 60.5)	(51.0, 4.25)	(52.0, 2.25)	(53.0, 3.25)	(54.0, 2.5)	(55.0, 2.5)	(56.0, 2.25)	(57.0, 12.25)	(58.0, 103.75)	(59.0, 808.25)	(60.0, 6341.25)	(61.0, 782.5)	(62.0, 4.75)	(63.0, 0.75)	(64.0, 0.25)	(65.0, 0.25)	(66.0, 0.75)	(67.0, 0.25)	(68.0, 0.25)	(69.0, 0.25)	(70.0, 0.75)	(71.0, 0.25)	(72.0, 0.25)	(73.0, 0.0)	(74.0, 0.0)	(75.0, 0.0)	(76.0, 0.25)	(77.0, 0.5)	(78.0, 1.25)	(79.0, 9.0)	(80.0, 196.75)	(81.0, 66.0)	(82.0, 13.0)	(83.0, 294.25)	(84.0, 343.5)	(85.0, 14.0)	(86.0, 2.0)	(87.0, 0.75)	(88.0, 0.0)	(89.0, 0.75)	(90.0, 3.25)	(91.0, 0.0)	(92.0, 0.0)	(93.0, 0.0)	(94.0, 0.0)	(95.0, 0.0)	(96.0, 0.0)	(97.0, 0.0)	(98.0, 0.0)	(99.0, 0.0)	(100.0, 0.0)
3D_2	(0.0, 0.0)	(1.0, 0.0)	(2.0, 0.0)	(3.0, 0.0)	(4.0, 0.0)	(5.0, 0.0)	(6.0, 0.0)	(7.0, 0.0)	(8.0, 0.0)	(9.0, 0.0)	(10.0, 0.0)	(11.0, 0.0)	(12.0, 0.0)	(13.0, 0.0)	(14.0, 0.0)	(15.0, 0.0)	(16.0, 0.0)	(17.0, 0.0)	(18.0, 0.0)	(19.0, 0.0)	(20.0, 0.0)	(21.0, 0.0)	(22.0, 0.0)	(23.0, 0.25)	(24.0, 0.0)	(25.0, 0.0)	(26.0, 0.0)	(27.0, 0.5)	(28.0, 0.5)	(29.0, 0.0)	(30.0, 0.25)	(31.0, 0.25)	(32.0, 0.5)	(33.0, 1.5)	(34.0, 2.25)	(35.0, 2.5)	(36.0, 2.0)	(37.0, 4.75)	(38.0, 3.5)	(39.0, 18.75)	(40.0, 1898.5)	(41.0, 180.25)	(42.0, 17.25)	(43.0, 16.25)	(44.0, 20.75)	(45.0, 9320.5)	(46.0, 9730.5)	(47.0, 948.25)	(48.0, 9851.75)	(49.0, 4997.5)	(50.0, 441.0)	(51.0, 24.75)	(52.0, 10.75)	(53.0, 9.5)	(54.0, 6.0)	(55.0, 6.5)	(56.0, 5.0)	(57.0, 6.75)	(58.0, 14.75)	(59.0, 135.5)	(60.0, 599.75)	(61.0, 6198.0)	(62.0, 1698.0)	(63.0, 10.25)	(64.0, 4.75)	(65.0, 4.75)	(66.0, 3.0)	(67.0, 2.0)	(68.0, 1.75)	(69.0, 2.0)	(70.0, 1.75)	(71.0, 0.5)	(72.0, 2.0)	(73.0, 2.5)	(74.0, 1.5)	(75.0, 0.5)	(76.0, 1.5)	(77.0, 1.75)	(78.0, 1.25)	(79.0, 1.5)	(80.0, 42.75)	(81.0, 209.0)	(82.0, 9.0)	(83.0, 59.0)	(84.0, 433.25)	(85.0, 45.0)	(86.0, 1.0)	(87.0, 0.25)	(88.0, 0.25)	(89.0, 0.25)	(90.0, 0.5)	(91.0, 0.25)	(92.0, 0.0)	(93.0, 0.25)	(94.0, 0.0)	(95.0, 0.0)	(96.0, 0.25)	(97.0, 0.25)	(98.0, 0.5)	(99.0, 0.25)	(100.0, 367.3333333333299)
3Q_1	(0.0, 0.0)	(1.0, 0.0)	(2.0, 0.0)	(3.0, 0.0)	(4.0, 0.0)	(5.0, 0.0)	(6.0, 0.0)	(7.0, 0.0)	(8.0, 0.0)	(9.0, 0.0)	(10.0, 0.0)	(11.0, 0.0)	(12.0, 0.0)	(13.0, 0.0)	(14.0, 0.0)	(15.0, 0.0)	(16.0, 0.0)	(17.0, 0.0)	(18.0, 0.0)	(19.0, 0.0)	(20.0, 0.0)	(21.0, 0.0)	(22.0, 0.0)	(23.0, 0.0)	(24.0, 0.0)	(25.0, 0.0)	(26.0, 0.0)	(27.0, 0.25)	(28.0, 0.5)	(29.0, 0.25)	(30.0, 0.5)	(31.0, 0.5)	(32.0, 0.0)	(33.0, 0.25)	(34.0, 0.75)	(35.0, 0.25)	(36.0, 0.75)	(37.0, 0.0)	(38.0, 0.75)	(39.0, 1.25)	(40.0, 3.5)	(41.0, 125.5)	(42.0, 1168.0)	(43.0, 118.5)	(44.0, 297.25)	(45.0, 6709.25)	(46.0, 3628.5)	(47.0, 1075.0)	(48.0, 13215.25)	(49.0, 1293.0)	(50.0, 64.5)	(51.0, 3.75)	(52.0, 2.25)	(53.0, 2.25)	(54.0, 1.5)	(55.0, 2.75)	(56.0, 4.25)	(57.0, 11.5)	(58.0, 90.5)	(59.0, 785.0)	(60.0, 5495.0)	(61.0, 703.75)	(62.0, 4.75)	(63.0, 1.0)	(64.0, 0.25)	(65.0, 0.0)	(66.0, 0.25)	(67.0, 0.0)	(68.0, 0.0)	(69.0, 0.0)	(70.0, 0.0)	(71.0, 0.25)	(72.0, 0.0)	(73.0, 0.0)	(74.0, 0.25)	(75.0, 0.0)	(76.0, 0.0)	(77.0, 0.0)	(78.0, 0.0)	(79.0, 0.0)	(80.0, 2.0)	(81.0, 104.75)	(82.0, 94.5)	(83.0, 5.0)	(84.0, 147.5)	(85.0, 570.0)	(86.0, 16.25)	(87.0, 3.0)	(88.0, 0.5)	(89.0, 0.0)	(90.0, 0.0)	(91.0, 2.0)	(92.0, 0.0)	(93.0, 0.0)	(94.0, 0.0)	(95.0, 0.0)	(96.0, 0.0)	(97.0, 0.0)	(98.0, 0.0)	(99.0, 0.0)	(100.0, 0.3333333333333333)
3Q_2	(0.0, 0.0)	(1.0, 0.0)	(2.0, 0.0)	(3.0, 0.0)	(4.0, 0.0)	(5.0, 0.0)	(6.0, 0.0)	(7.0, 0.0)	(8.0, 0.0)	(9.0, 0.0)	(10.0, 0.0)	(11.0, 0.0)	(12.0, 0.0)	(13.0, 0.0)	(14.0, 0.0)	(15.0, 0.0)	(16.0, 0.0)	(17.0, 0.0)	(18.0, 0.0)	(19.0, 0.0)	(20.0, 0.0)	(21.0, 0.0)	(22.0, 0.0)	(23.0, 0.0)	(24.0, 0.0)	(25.0, 0.0)	(26.0, 0.0)	(27.0, 0.25)	(28.0, 0.25)	(29.0, 0.0)	(30.0, 0.5)	(31.0, 1.0)	(32.0, 1.0)	(33.0, 2.0)	(34.0, 2.25)	(35.0, 3.25)	(36.0, 3.5)	(37.0, 3.75)	(38.0, 7.0)	(39.0, 16.25)	(40.0, 1181.25)	(41.0, 108.0)	(42.0, 14.25)	(43.0, 17.5)	(44.0, 22.25)	(45.0, 8577.75)	(46.0, 9204.5)	(47.0, 723.0)	(48.0, 8903.5)	(49.0, 4813.75)	(50.0, 422.25)	(51.0, 33.5)	(52.0, 12.25)	(53.0, 6.25)	(54.0, 5.0)	(55.0, 8.75)	(56.0, 5.0)	(57.0, 5.75)	(58.0, 9.25)	(59.0, 125.0)	(60.0, 581.0)	(61.0, 5408.0)	(62.0, 1539.0)	(63.0, 10.25)	(64.0, 7.0)	(65.0, 4.0)	(66.0, 3.0)	(67.0, 3.0)	(68.0, 3.0)	(69.0, 1.0)	(70.0, 0.75)	(71.0, 0.5)	(72.0, 1.25)	(73.0, 1.25)	(74.0, 1.75)	(75.0, 1.0)	(76.0, 1.0)	(77.0, 0.25)	(78.0, 1.0)	(79.0, 4.25)	(80.0, 113.0)	(81.0, 13.5)	(82.0, 27.0)	(83.0, 566.25)	(84.0, 490.5)	(85.0, 1.25)	(86.0, 0.25)	(87.0, 0.25)	(88.0, 0.0)	(89.0, 0.25)	(90.0, 0.25)	(91.0, 0.0)	(92.0, 0.25)	(93.0, 0.5)	(94.0, 0.25)	(95.0, 0.5)	(96.0, 0.5)	(97.0, 0.25)	(98.0, 0.25)	(99.0, 0.0)	(100.0, 323.6666666666657)
3Z_1	(0.0, 0.0)	(1.0, 0.0)	(2.0, 0.0)	(3.0, 0.0)	(4.0, 0.0)	(5.0, 0.0)	(6.0, 0.0)	(7.0, 0.0)	(8.0, 0.0)	(9.0, 0.0)	(10.0, 0.0)	(11.0, 0.0)	(12.0, 0.0)	(13.0, 0.0)	(14.0, 0.0)	(15.0, 0.0)	(16.0, 0.0)	(17.0, 0.0)	(18.0, 0.0)	(19.0, 0.0)	(20.0, 0.0)	(21.0, 0.0)	(22.0, 0.0)	(23.0, 0.0)	(24.0, 0.0)	(25.0, 0.0)	(26.0, 0.0)	(27.0, 0.0)	(28.0, 0.0)	(29.0, 0.0)	(30.0, 0.0)	(31.0, 0.5)	(32.0, 0.5)	(33.0, 0.25)	(34.0, 0.25)	(35.0, 0.5)	(36.0, 0.75)	(37.0, 0.75)	(38.0, 1.25)	(39.0, 2.0)	(40.0, 5.75)	(41.0, 162.75)	(42.0, 1698.0)	(43.0, 146.25)	(44.0, 295.0)	(45.0, 7347.75)	(46.0, 3555.75)	(47.0, 1125.5)	(48.0, 13865.0)	(49.0, 1244.0)	(50.0, 67.25)	(51.0, 3.25)	(52.0, 2.0)	(53.0, 2.75)	(54.0, 3.25)	(55.0, 1.75)	(56.0, 2.25)	(57.0, 11.0)	(58.0, 102.75)	(59.0, 706.0)	(60.0, 5527.0)	(61.0, 664.75)	(62.0, 4.25)	(63.0, 0.75)	(64.0, 0.25)	(65.0, 0.25)	(66.0, 0.0)	(67.0, 0.75)	(68.0, 0.0)	(69.0, 0.0)	(70.0, 0.0)	(71.0, 0.0)	(72.0, 0.0)	(73.0, 0.0)	(74.0, 0.0)	(75.0, 0.25)	(76.0, 0.25)	(77.0, 0.0)	(78.0, 0.0)	(79.0, 0.5)	(80.0, 30.75)	(81.0, 20.0)	(82.0, 1.25)	(83.0, 27.25)	(84.0, 93.75)	(85.0, 3.25)	(86.0, 2.5)	(87.0, 0.25)	(88.0, 0.25)	(89.0, 0.25)	(90.0, 1.0)	(91.0, 0.0)	(92.0, 0.0)	(93.0, 0.0)	(94.0, 0.0)	(95.0, 0.0)	(96.0, 0.0)	(97.0, 0.0)	(98.0, 0.0)	(99.0, 0.0)	(100.0, 0.0)
3Z_2	(0.0, 0.0)	(1.0, 0.0)	(2.0, 0.0)	(3.0, 0.0)	(4.0, 0.0)	(5.0, 0.0)	(6.0, 0.0)	(7.0, 0.0)	(8.0, 0.0)	(9.0, 0.0)	(10.0, 0.0)	(11.0, 0.0)	(12.0, 0.0)	(13.0, 0.0)	(14.0, 0.0)	(15.0, 0.0)	(16.0, 0.0)	(17.0, 0.0)	(18.0, 0.0)	(19.0, 0.0)	(20.0, 0.0)	(21.0, 0.0)	(22.0, 0.0)	(23.0, 0.0)	(24.0, 0.0)	(25.0, 0.0)	(26.0, 0.0)	(27.0, 0.0)	(28.0, 0.0)	(29.0, 0.0)	(30.0, 0.25)	(31.0, 0.0)	(32.0, 0.0)	(33.0, 1.25)	(34.0, 2.75)	(35.0, 1.5)	(36.0, 2.0)	(37.0, 2.25)	(38.0, 4.25)	(39.0, 10.5)	(40.0, 1704.25)	(41.0, 152.75)	(42.0, 12.75)	(43.0, 16.0)	(44.0, 18.25)	(45.0, 9124.0)	(46.0, 9779.5)	(47.0, 744.0)	(48.0, 9422.0)	(49.0, 4907.0)	(50.0, 414.75)	(51.0, 26.0)	(52.0, 11.25)	(53.0, 9.75)	(54.0, 7.75)	(55.0, 6.0)	(56.0, 6.0)	(57.0, 8.0)	(58.0, 12.0)	(59.0, 122.75)	(60.0, 525.25)	(61.0, 5412.5)	(62.0, 1429.25)	(63.0, 6.75)	(64.0, 5.0)	(65.0, 3.25)	(66.0, 3.0)	(67.0, 1.75)	(68.0, 2.75)	(69.0, 1.5)	(70.0, 1.5)	(71.0, 1.0)	(72.0, 1.25)	(73.0, 1.5)	(74.0, 1.25)	(75.0, 1.75)	(76.0, 1.25)	(77.0, 2.0)	(78.0, 0.75)	(79.0, 13.25)	(80.0, 32.25)	(81.0, 1.25)	(82.0, 14.5)	(83.0, 102.25)	(84.0, 10.0)	(85.0, 1.0)	(86.0, 0.25)	(87.0, 0.25)	(88.0, 0.5)	(89.0, 0.25)	(90.0, 0.25)	(91.0, 0.0)	(92.0, 0.0)	(93.0, 0.0)	(94.0, 0.0)	(95.0, 0.0)	(96.0, 0.0)	(97.0, 0.0)	(98.0, 0.0)	(99.0, 0.5)	(100.0, 425.99999999999324)
4D_1	(0.0, 0.0)	(1.0, 0.0)	(2.0, 0.0)	(3.0, 0.0)	(4.0, 0.0)	(5.0, 0.0)	(6.0, 0.0)	(7.0, 0.0)	(8.0, 0.0)	(9.0, 0.0)	(10.0, 0.0)	(11.0, 0.0)	(12.0, 0.0)	(13.0, 0.0)	(14.0, 0.0)	(15.0, 0.0)	(16.0, 0.0)	(17.0, 0.0)	(18.0, 0.0)	(19.0, 0.0)	(20.0, 0.0)	(21.0, 0.0)	(22.0, 0.0)	(23.0, 0.0)	(24.0, 0.0)	(25.0, 0.0)	(26.0, 0.25)	(27.0, 0.0)	(28.0, 0.0)	(29.0, 0.25)	(30.0, 0.0)	(31.0, 0.5)	(32.0, 0.25)	(33.0, 0.75)	(34.0, 0.25)	(35.0, 1.25)	(36.0, 1.75)	(37.0, 0.25)	(38.0, 0.5)	(39.0, 2.0)	(40.0, 7.75)	(41.0, 192.0)	(42.0, 2065.75)	(43.0, 188.0)	(44.0, 364.75)	(45.0, 7502.0)	(46.0, 4171.25)	(47.0, 1203.5)	(48.0, 14398.75)	(49.0, 1326.25)	(50.0, 76.25)	(51.0, 6.5)	(52.0, 4.0)	(53.0, 2.75)	(54.0, 2.0)	(55.0, 2.75)	(56.0, 2.25)	(57.0, 10.25)	(58.0, 90.75)	(59.0, 712.75)	(60.0, 5466.5)	(61.0, 655.25)	(62.0, 3.75)	(63.0, 1.25)	(64.0, 0.5)	(65.0, 0.25)	(66.0, 0.0)	(67.0, 0.25)	(68.0, 0.5)	(69.0, 0.0)	(70.0, 0.0)	(71.0, 0.0)	(72.0, 0.0)	(73.0, 0.25)	(74.0, 0.25)	(75.0, 0.25)	(76.0, 0.0)	(77.0, 0.0)	(78.0, 1.0)	(79.0, 7.5)	(80.0, 71.75)	(81.0, 232.5)	(82.0, 69.75)	(83.0, 257.25)	(84.0, 1015.25)	(85.0, 560.5)	(86.0, 32.25)	(87.0, 9.5)	(88.0, 3.75)	(89.0, 1.25)	(90.0, 8.75)	(91.0, 6.5)	(92.0, 0.5)	(93.0, 0.0)	(94.0, 0.0)	(95.0, 0.0)	(96.0, 0.0)	(97.0, 0.0)	(98.0, 0.0)	(99.0, 0.0)	(100.0, 0.0)
4D_2	(0.0, 0.0)	(1.0, 0.0)	(2.0, 0.0)	(3.0, 0.0)	(4.0, 0.0)	(5.0, 0.0)	(6.0, 0.0)	(7.0, 0.0)	(8.0, 0.0)	(9.0, 0.0)	(10.0, 0.0)	(11.0, 0.0)	(12.0, 0.0)	(13.0, 0.0)	(14.0, 0.0)	(15.0, 0.0)	(16.0, 0.0)	(17.0, 0.0)	(18.0, 0.0)	(19.0, 0.0)	(20.0, 0.0)	(21.0, 0.0)	(22.0, 0.0)	(23.0, 0.0)	(24.0, 0.0)	(25.0, 0.0)	(26.0, 0.25)	(27.0, 0.25)	(28.0, 0.5)	(29.0, 0.25)	(30.0, 0.25)	(31.0, 0.25)	(32.0, 0.5)	(33.0, 2.75)	(34.0, 3.25)	(35.0, 2.75)	(36.0, 4.5)	(37.0, 4.75)	(38.0, 5.0)	(39.0, 18.25)	(40.0, 2078.75)	(41.0, 183.75)	(42.0, 14.25)	(43.0, 17.0)	(44.0, 22.0)	(45.0, 9854.5)	(46.0, 10400.5)	(47.0, 773.0)	(48.0, 9862.0)	(49.0, 5014.25)	(50.0, 442.0)	(51.0, 26.75)	(52.0, 11.75)	(53.0, 7.5)	(54.0, 9.75)	(55.0, 7.0)	(56.0, 6.75)	(57.0, 6.0)	(58.0, 11.75)	(59.0, 129.25)	(60.0, 522.75)	(61.0, 5385.0)	(62.0, 1460.5)	(63.0, 7.0)	(64.0, 4.25)	(65.0, 2.25)	(66.0, 2.0)	(67.0, 2.25)	(68.0, 2.75)	(69.0, 1.0)	(70.0, 1.5)	(71.0, 1.25)	(72.0, 0.5)	(73.0, 0.25)	(74.0, 1.25)	(75.0, 0.25)	(76.0, 0.75)	(77.0, 2.0)	(78.0, 1.75)	(79.0, 6.0)	(80.0, 275.75)	(81.0, 21.25)	(82.0, 30.25)	(83.0, 1182.0)	(84.0, 1037.5)	(85.0, 3.0)	(86.0, 0.75)	(87.0, 0.0)	(88.0, 0.0)	(89.0, 0.5)	(90.0, 0.0)	(91.0, 0.0)	(92.0, 0.0)	(93.0, 0.0)	(94.0, 0.0)	(95.0, 0.0)	(96.0, 0.5)	(97.0, 0.5)	(98.0, 0.25)	(99.0, 0.5)	(100.0, 431.33333333332627)
4Q_1	(0.0, 0.0)	(1.0, 0.0)	(2.0, 0.0)	(3.0, 0.0)	(4.0, 0.0)	(5.0, 0.0)	(6.0, 0.0)	(7.0, 0.0)	(8.0, 0.0)	(9.0, 0.0)	(10.0, 0.0)	(11.0, 0.0)	(12.0, 0.0)	(13.0, 0.0)	(14.0, 0.0)	(15.0, 0.0)	(16.0, 0.0)	(17.0, 0.0)	(18.0, 0.0)	(19.0, 0.0)	(20.0, 0.0)	(21.0, 0.0)	(22.0, 0.0)	(23.0, 0.0)	(24.0, 0.0)	(25.0, 0.0)	(26.0, 0.25)	(27.0, 0.25)	(28.0, 0.0)	(29.0, 0.0)	(30.0, 0.0)	(31.0, 0.25)	(32.0, 0.0)	(33.0, 0.0)	(34.0, 0.5)	(35.0, 0.25)	(36.0, 0.0)	(37.0, 0.5)	(38.0, 0.25)	(39.0, 1.75)	(40.0, 4.5)	(41.0, 97.75)	(42.0, 1040.75)	(43.0, 101.0)	(44.0, 279.25)	(45.0, 6239.0)	(46.0, 3004.75)	(47.0, 854.0)	(48.0, 10339.75)	(49.0, 880.75)	(50.0, 44.0)	(51.0, 2.75)	(52.0, 2.0)	(53.0, 1.5)	(54.0, 1.75)	(55.0, 1.5)	(56.0, 2.5)	(57.0, 8.5)	(58.0, 70.75)	(59.0, 559.5)	(60.0, 4443.75)	(61.0, 489.5)	(62.0, 3.5)	(63.0, 0.0)	(64.0, 0.25)	(65.0, 0.25)	(66.0, 0.25)	(67.0, 0.0)	(68.0, 0.25)	(69.0, 0.0)	(70.0, 0.0)	(71.0, 0.0)	(72.0, 0.0)	(73.0, 0.0)	(74.0, 0.0)	(75.0, 0.0)	(76.0, 0.75)	(77.0, 1.25)	(78.0, 1.75)	(79.0, 11.75)	(80.0, 598.5)	(81.0, 65.75)	(82.0, 32.25)	(83.0, 1475.5)	(84.0, 1324.75)	(85.0, 26.5)	(86.0, 6.75)	(87.0, 3.25)	(88.0, 0.25)	(89.0, 2.5)	(90.0, 7.75)	(91.0, 0.0)	(92.0, 0.0)	(93.0, 0.0)	(94.0, 0.0)	(95.0, 0.0)	(96.0, 0.0)	(97.0, 0.0)	(98.0, 0.0)	(99.0, 0.0)	(100.0, 0.0)
4Q_2	(0.0, 0.0)	(1.0, 0.0)	(2.0, 0.0)	(3.0, 0.0)	(4.0, 0.0)	(5.0, 0.0)	(6.0, 0.0)	(7.0, 0.0)	(8.0, 0.0)	(9.0, 0.0)	(10.0, 0.0)	(11.0, 0.0)	(12.0, 0.0)	(13.0, 0.0)	(14.0, 0.0)	(15.0, 0.0)	(16.0, 0.0)	(17.0, 0.0)	(18.0, 0.0)	(19.0, 0.0)	(20.0, 0.0)	(21.0, 0.0)	(22.0, 0.0)	(23.0, 0.0)	(24.0, 0.0)	(25.0, 0.0)	(26.0, 0.0)	(27.0, 0.0)	(28.0, 0.0)	(29.0, 0.0)	(30.0, 0.25)	(31.0, 0.25)	(32.0, 0.5)	(33.0, 1.25)	(34.0, 0.75)	(35.0, 1.25)	(36.0, 1.5)	(37.0, 2.25)	(38.0, 2.5)	(39.0, 10.5)	(40.0, 1038.0)	(41.0, 94.75)	(42.0, 11.25)	(43.0, 11.0)	(44.0, 12.75)	(45.0, 7882.5)	(46.0, 8364.25)	(47.0, 546.75)	(48.0, 6903.75)	(49.0, 3755.0)	(50.0, 325.5)	(51.0, 22.0)	(52.0, 10.0)	(53.0, 8.0)	(54.0, 7.5)	(55.0, 6.75)	(56.0, 5.25)	(57.0, 3.0)	(58.0, 8.25)	(59.0, 100.5)	(60.0, 440.75)	(61.0, 4404.25)	(62.0, 1196.75)	(63.0, 7.75)	(64.0, 4.25)	(65.0, 2.5)	(66.0, 1.75)	(67.0, 2.75)	(68.0, 1.75)	(69.0, 1.0)	(70.0, 0.5)	(71.0, 0.0)	(72.0, 1.25)	(73.0, 0.75)	(74.0, 0.0)	(75.0, 1.5)	(76.0, 1.0)	(77.0, 1.25)	(78.0, 1.0)	(79.0, 3.25)	(80.0, 13.0)	(81.0, 612.0)	(82.0, 43.75)	(83.0, 58.75)	(84.0, 1517.5)	(85.0, 1271.0)	(86.0, 2.0)	(87.0, 0.75)	(88.0, 0.5)	(89.0, 0.0)	(90.0, 0.5)	(91.0, 0.5)	(92.0, 0.25)	(93.0, 0.25)	(94.0, 0.25)	(95.0, 0.0)	(96.0, 0.0)	(97.0, 0.0)	(98.0, 0.0)	(99.0, 1.25)	(100.0, 332.6666666666652)
4Z_1	(0.0, 0.0)	(1.0, 0.0)	(2.0, 0.0)	(3.0, 0.0)	(4.0, 0.0)	(5.0, 0.0)	(6.0, 0.0)	(7.0, 0.0)	(8.0, 0.0)	(9.0, 0.0)	(10.0, 0.0)	(11.0, 0.0)	(12.0, 0.0)	(13.0, 0.0)	(14.0, 0.0)	(15.0, 0.0)	(16.0, 0.0)	(17.0, 0.0)	(18.0, 0.0)	(19.0, 0.0)	(20.0, 0.0)	(21.0, 0.0)	(22.0, 0.0)	(23.0, 0.0)	(24.0, 0.0)	(25.0, 0.25)	(26.0, 0.0)	(27.0, 0.0)	(28.0, 0.0)	(29.0, 0.0)	(30.0, 0.0)	(31.0, 0.0)	(32.0, 0.0)	(33.0, 0.0)	(34.0, 0.75)	(35.0, 0.75)	(36.0, 0.5)	(37.0, 0.5)	(38.0, 0.75)	(39.0, 1.5)	(40.0, 5.25)	(41.0, 174.5)	(42.0, 1632.75)	(43.0, 155.25)	(44.0, 303.0)	(45.0, 7060.25)	(46.0, 3145.5)	(47.0, 1069.5)	(48.0, 13224.5)	(49.0, 1188.75)	(50.0, 60.0)	(51.0, 4.0)	(52.0, 3.0)	(53.0, 2.5)	(54.0, 1.75)	(55.0, 1.75)	(56.0, 2.0)	(57.0, 6.0)	(58.0, 95.5)	(59.0, 646.75)	(60.0, 4837.25)	(61.0, 570.5)	(62.0, 5.5)	(63.0, 1.0)	(64.0, 0.75)	(65.0, 0.25)	(66.0, 0.0)	(67.0, 0.0)	(68.0, 0.0)	(69.0, 0.0)	(70.0, 0.0)	(71.0, 0.25)	(72.0, 0.0)	(73.0, 0.0)	(74.0, 0.0)	(75.0, 0.0)	(76.0, 0.0)	(77.0, 0.0)	(78.0, 0.25)	(79.0, 1.75)	(80.0, 19.0)	(81.0, 40.25)	(82.0, 5.5)	(83.0, 30.25)	(84.0, 181.5)	(85.0, 71.25)	(86.0, 2.25)	(87.0, 0.25)	(88.0, 0.0)	(89.0, 0.75)	(90.0, 3.5)	(91.0, 0.5)	(92.0, 0.0)	(93.0, 0.0)	(94.0, 0.0)	(95.0, 0.0)	(96.0, 0.0)	(97.0, 0.0)	(98.0, 0.0)	(99.0, 0.0)	(100.0, 0.3333333333333333)
4Z_2	(0.0, 0.0)	(1.0, 0.0)	(2.0, 0.0)	(3.0, 0.0)	(4.0, 0.0)	(5.0, 0.0)	(6.0, 0.0)	(7.0, 0.0)	(8.0, 0.0)	(9.0, 0.0)	(10.0, 0.0)	(11.0, 0.0)	(12.0, 0.0)	(13.0, 0.0)	(14.0, 0.0)	(15.0, 0.0)	(16.0, 0.0)	(17.0, 0.0)	(18.0, 0.0)	(19.0, 0.0)	(20.0, 0.0)	(21.0, 0.0)	(22.0, 0.0)	(23.0, 0.0)	(24.0, 0.0)	(25.0, 0.0)	(26.0, 0.0)	(27.0, 0.25)	(28.0, 0.0)	(29.0, 0.0)	(30.0, 0.0)	(31.0, 0.0)	(32.0, 0.0)	(33.0, 1.25)	(34.0, 1.0)	(35.0, 0.75)	(36.0, 1.5)	(37.0, 3.5)	(38.0, 4.75)	(39.0, 14.5)	(40.0, 1641.0)	(41.0, 156.75)	(42.0, 14.5)	(43.0, 14.25)	(44.0, 22.0)	(45.0, 8534.0)	(46.0, 9177.5)	(47.0, 748.75)	(48.0, 9166.75)	(49.0, 4519.5)	(50.0, 411.25)	(51.0, 28.0)	(52.0, 13.0)	(53.0, 8.25)	(54.0, 5.5)	(55.0, 6.25)	(56.0, 6.75)	(57.0, 6.25)	(58.0, 9.0)	(59.0, 122.5)	(60.0, 462.0)	(61.0, 4734.0)	(62.0, 1237.0)	(63.0, 10.5)	(64.0, 5.5)	(65.0, 4.25)	(66.0, 2.75)	(67.0, 2.25)	(68.0, 1.75)	(69.0, 1.75)	(70.0, 1.75)	(71.0, 0.5)	(72.0, 1.25)	(73.0, 1.0)	(74.0, 0.75)	(75.0, 0.75)	(76.0, 1.25)	(77.0, 1.25)	(78.0, 0.5)	(79.0, 2.25)	(80.0, 47.5)	(81.0, 3.5)	(82.0, 7.0)	(83.0, 190.25)	(84.0, 167.75)	(85.0, 0.5)	(86.0, 0.0)	(87.0, 0.0)	(88.0, 0.0)	(89.0, 0.0)	(90.0, 0.0)	(91.0, 0.0)	(92.0, 0.0)	(93.0, 0.0)	(94.0, 0.0)	(95.0, 0.0)	(96.0, 0.0)	(97.0, 0.25)	(98.0, 0.75)	(99.0, 0.5)	(100.0, 286.0000000000012)
PBSD_1	(0.0, 0.0)	(1.0, 0.0)	(2.0, 0.0)	(3.0, 0.0)	(4.0, 0.0)	(5.0, 0.0)	(6.0, 0.0)	(7.0, 0.0)	(8.0, 0.0)	(9.0, 0.0)	(10.0, 0.0)	(11.0, 0.0)	(12.0, 0.0)	(13.0, 0.0)	(14.0, 0.0)	(15.0, 0.0)	(16.0, 0.0)	(17.0, 0.0)	(18.0, 0.0)	(19.0, 0.0)	(20.0, 0.0)	(21.0, 0.0)	(22.0, 0.0)	(23.0, 0.0)	(24.0, 0.0)	(25.0, 0.0)	(26.0, 0.0)	(27.0, 0.0)	(28.0, 0.0)	(29.0, 0.0)	(30.0, 0.0)	(31.0, 0.0)	(32.0, 0.0)	(33.0, 0.0)	(34.0, 0.0)	(35.0, 0.25)	(36.0, 0.25)	(37.0, 0.0)	(38.0, 0.0)	(39.0, 0.0)	(40.0, 0.0)	(41.0, 0.0)	(42.0, 0.5)	(43.0, 0.25)	(44.0, 0.0)	(45.0, 0.5)	(46.0, 0.0)	(47.0, 0.0)	(48.0, 4.5)	(49.0, 837.75)	(50.0, 82.75)	(51.0, 2.75)	(52.0, 2231.25)	(53.0, 2059.75)	(54.0, 5.75)	(55.0, 0.0)	(56.0, 0.0)	(57.0, 0.25)	(58.0, 0.25)	(59.0, 0.0)	(60.0, 0.0)	(61.0, 0.0)	(62.0, 0.0)	(63.0, 0.0)	(64.0, 0.75)	(65.0, 2.25)	(66.0, 0.25)	(67.0, 0.25)	(68.0, 0.0)	(69.0, 0.0)	(70.0, 0.25)	(71.0, 4.25)	(72.0, 8.0)	(73.0, 1.0)	(74.0, 0.0)	(75.0, 0.5)	(76.0, 1.25)	(77.0, 2.75)	(78.0, 5.75)	(79.0, 73.75)	(80.0, 658.25)	(81.0, 411.0)	(82.0, 34.75)	(83.0, 127.0)	(84.0, 151.75)	(85.0, 9.0)	(86.0, 1.5)	(87.0, 0.0)	(88.0, 0.0)	(89.0, 0.0)	(90.0, 0.0)	(91.0, 0.0)	(92.0, 0.0)	(93.0, 0.0)	(94.0, 0.0)	(95.0, 0.0)	(96.0, 0.0)	(97.0, 0.0)	(98.0, 0.0)	(99.0, 0.0)	(100.0, 0.0)
PBSD_2	(0.0, 0.0)	(1.0, 0.0)	(2.0, 0.0)	(3.0, 0.0)	(4.0, 0.0)	(5.0, 0.0)	(6.0, 0.0)	(7.0, 0.0)	(8.0, 0.0)	(9.0, 0.0)	(10.0, 0.0)	(11.0, 0.0)	(12.0, 0.0)	(13.0, 0.0)	(14.0, 0.0)	(15.0, 0.0)	(16.0, 0.0)	(17.0, 0.0)	(18.0, 0.0)	(19.0, 0.0)	(20.0, 0.0)	(21.0, 0.0)	(22.0, 0.0)	(23.0, 0.0)	(24.0, 0.0)	(25.0, 0.0)	(26.0, 0.0)	(27.0, 0.0)	(28.0, 0.0)	(29.0, 0.0)	(30.0, 0.0)	(31.0, 0.0)	(32.0, 0.0)	(33.0, 0.0)	(34.0, 0.0)	(35.0, 0.25)	(36.0, 0.25)	(37.0, 0.0)	(38.0, 0.25)	(39.0, 0.0)	(40.0, 0.25)	(41.0, 0.0)	(42.0, 0.5)	(43.0, 0.5)	(44.0, 0.5)	(45.0, 0.75)	(46.0, 1.75)	(47.0, 1.25)	(48.0, 4.5)	(49.0, 833.75)	(50.0, 66.0)	(51.0, 13.0)	(52.0, 2353.75)	(53.0, 236.5)	(54.0, 2.75)	(55.0, 1.25)	(56.0, 1.25)	(57.0, 0.75)	(58.0, 0.25)	(59.0, 0.25)	(60.0, 0.75)	(61.0, 0.25)	(62.0, 0.5)	(63.0, 0.0)	(64.0, 0.5)	(65.0, 2.5)	(66.0, 0.75)	(67.0, 0.25)	(68.0, 0.25)	(69.0, 0.5)	(70.0, 0.0)	(71.0, 0.0)	(72.0, 9.75)	(73.0, 1.5)	(74.0, 1.0)	(75.0, 1.0)	(76.0, 1.5)	(77.0, 4.0)	(78.0, 3.5)	(79.0, 5.5)	(80.0, 236.25)	(81.0, 781.25)	(82.0, 15.0)	(83.0, 51.25)	(84.0, 218.5)	(85.0, 21.75)	(86.0, 0.25)	(87.0, 0.5)	(88.0, 0.75)	(89.0, 0.0)	(90.0, 0.0)	(91.0, 0.0)	(92.0, 0.0)	(93.0, 0.0)	(94.0, 0.0)	(95.0, 0.0)	(96.0, 0.0)	(97.0, 0.25)	(98.0, 0.5)	(99.0, 0.25)	(100.0, 41.666666666666686)
PBSQ_1	(0.0, 0.0)	(1.0, 0.0)	(2.0, 0.0)	(3.0, 0.0)	(4.0, 0.0)	(5.0, 0.0)	(6.0, 0.0)	(7.0, 0.0)	(8.0, 0.0)	(9.0, 0.0)	(10.0, 0.0)	(11.0, 0.0)	(12.0, 0.0)	(13.0, 0.0)	(14.0, 0.0)	(15.0, 0.0)	(16.0, 0.0)	(17.0, 0.0)	(18.0, 0.0)	(19.0, 0.0)	(20.0, 0.0)	(21.0, 0.0)	(22.0, 0.0)	(23.0, 0.0)	(24.0, 0.0)	(25.0, 0.0)	(26.0, 0.0)	(27.0, 0.0)	(28.0, 0.0)	(29.0, 0.0)	(30.0, 0.0)	(31.0, 0.0)	(32.0, 0.0)	(33.0, 0.0)	(34.0, 0.0)	(35.0, 0.0)	(36.0, 0.0)	(37.0, 0.0)	(38.0, 0.0)	(39.0, 0.0)	(40.0, 0.0)	(41.0, 0.0)	(42.0, 0.0)	(43.0, 0.0)	(44.0, 0.0)	(45.0, 0.0)	(46.0, 0.0)	(47.0, 0.0)	(48.0, 0.0)	(49.0, 0.0)	(50.0, 0.0)	(51.0, 7.5)	(52.0, 7.75)	(53.0, 0.0)	(54.0, 0.0)	(55.0, 0.0)	(56.0, 0.5)	(57.0, 21.75)	(58.0, 0.0)	(59.0, 0.25)	(60.0, 28.0)	(61.0, 1.25)	(62.0, 0.0)	(63.0, 0.0)	(64.0, 0.0)	(65.0, 0.0)	(66.0, 0.0)	(67.0, 0.0)	(68.0, 0.0)	(69.0, 0.0)	(70.0, 0.0)	(71.0, 1.75)	(72.0, 2.0)	(73.0, 0.5)	(74.0, 0.0)	(75.0, 0.5)	(76.0, 0.25)	(77.0, 0.5)	(78.0, 2.25)	(79.0, 9.0)	(80.0, 73.5)	(81.0, 235.5)	(82.0, 35.25)	(83.0, 123.0)	(84.0, 658.5)	(85.0, 293.0)	(86.0, 18.5)	(87.0, 4.75)	(88.0, 1.5)	(89.0, 0.0)	(90.0, 3.0)	(91.0, 1.0)	(92.0, 0.0)	(93.0, 0.0)	(94.0, 0.0)	(95.0, 0.0)	(96.0, 0.0)	(97.0, 0.0)	(98.0, 0.0)	(99.0, 0.0)	(100.0, 0.0)
PBSQ_2	(0.0, 0.0)	(1.0, 0.0)	(2.0, 0.0)	(3.0, 0.0)	(4.0, 0.0)	(5.0, 0.0)	(6.0, 0.0)	(7.0, 0.0)	(8.0, 0.0)	(9.0, 0.0)	(10.0, 0.0)	(11.0, 0.0)	(12.0, 0.0)	(13.0, 0.0)	(14.0, 0.0)	(15.0, 0.0)	(16.0, 0.0)	(17.0, 0.0)	(18.0, 0.0)	(19.0, 0.0)	(20.0, 0.0)	(21.0, 0.0)	(22.0, 0.0)	(23.0, 0.0)	(24.0, 0.0)	(25.0, 0.0)	(26.0, 0.0)	(27.0, 0.0)	(28.0, 0.0)	(29.0, 0.0)	(30.0, 0.0)	(31.0, 0.0)	(32.0, 0.0)	(33.0, 0.0)	(34.0, 0.0)	(35.0, 0.0)	(36.0, 0.0)	(37.0, 0.0)	(38.0, 0.0)	(39.0, 0.0)	(40.0, 0.0)	(41.0, 0.0)	(42.0, 0.0)	(43.0, 0.0)	(44.0, 0.0)	(45.0, 0.0)	(46.0, 0.0)	(47.0, 0.0)	(48.0, 0.0)	(49.0, 0.0)	(50.0, 0.0)	(51.0, 7.75)	(52.0, 7.75)	(53.0, 0.0)	(54.0, 0.0)	(55.0, 0.0)	(56.0, 16.75)	(57.0, 20.75)	(58.0, 0.0)	(59.0, 0.0)	(60.0, 0.0)	(61.0, 27.25)	(62.0, 26.75)	(63.0, 0.0)	(64.0, 0.0)	(65.0, 0.0)	(66.0, 0.0)	(67.0, 0.0)	(68.0, 0.0)	(69.0, 0.0)	(70.0, 0.0)	(71.0, 0.0)	(72.0, 0.25)	(73.0, 2.5)	(74.0, 1.0)	(75.0, 0.25)	(76.0, 0.75)	(77.0, 1.5)	(78.0, 3.25)	(79.0, 8.5)	(80.0, 261.25)	(81.0, 18.75)	(82.0, 29.75)	(83.0, 711.0)	(84.0, 548.75)	(85.0, 1.25)	(86.0, 0.25)	(87.0, 0.25)	(88.0, 0.0)	(89.0, 0.0)	(90.0, 0.0)	(91.0, 0.0)	(92.0, 0.0)	(93.0, 0.0)	(94.0, 0.25)	(95.0, 0.0)	(96.0, 0.0)	(97.0, 0.25)	(98.0, 0.0)	(99.0, 0.0)	(100.0, 26.99999999999997)
PBSZ_1	(0.0, 0.0)	(1.0, 0.0)	(2.0, 0.0)	(3.0, 0.0)	(4.0, 0.0)	(5.0, 0.0)	(6.0, 0.0)	(7.0, 0.0)	(8.0, 0.0)	(9.0, 0.0)	(10.0, 0.0)	(11.0, 0.0)	(12.0, 0.0)	(13.0, 0.0)	(14.0, 0.0)	(15.0, 0.0)	(16.0, 0.0)	(17.0, 0.0)	(18.0, 0.0)	(19.0, 0.0)	(20.0, 0.0)	(21.0, 0.0)	(22.0, 0.0)	(23.0, 0.0)	(24.0, 0.0)	(25.0, 0.0)	(26.0, 0.0)	(27.0, 0.0)	(28.0, 0.0)	(29.0, 0.0)	(30.0, 0.0)	(31.0, 0.0)	(32.0, 0.0)	(33.0, 0.0)	(34.0, 0.0)	(35.0, 0.0)	(36.0, 0.0)	(37.0, 0.25)	(38.0, 0.0)	(39.0, 0.25)	(40.0, 0.25)	(41.0, 0.25)	(42.0, 0.25)	(43.0, 0.5)	(44.0, 0.75)	(45.0, 1.0)	(46.0, 2.25)	(47.0, 212.75)	(48.0, 221.75)	(49.0, 76.0)	(50.0, 3618.25)	(51.0, 4179.5)	(52.0, 250.5)	(53.0, 8125.25)	(54.0, 326.75)	(55.0, 1219.5)	(56.0, 1186.0)	(57.0, 2.25)	(58.0, 0.25)	(59.0, 1.0)	(60.0, 0.75)	(61.0, 0.0)	(62.0, 0.25)	(63.0, 0.25)	(64.0, 0.0)	(65.0, 0.0)	(66.0, 0.5)	(67.0, 0.0)	(68.0, 0.25)	(69.0, 0.25)	(70.0, 0.0)	(71.0, 0.0)	(72.0, 0.0)	(73.0, 0.0)	(74.0, 0.0)	(75.0, 0.0)	(76.0, 0.5)	(77.0, 1.25)	(78.0, 8.75)	(79.0, 7.25)	(80.0, 267.75)	(81.0, 201.5)	(82.0, 6.75)	(83.0, 174.75)	(84.0, 445.5)	(85.0, 18.5)	(86.0, 7.25)	(87.0, 2.25)	(88.0, 0.0)	(89.0, 0.0)	(90.0, 2.25)	(91.0, 0.0)	(92.0, 0.0)	(93.0, 0.0)	(94.0, 0.0)	(95.0, 0.0)	(96.0, 0.0)	(97.0, 0.0)	(98.0, 0.0)	(99.0, 0.0)	(100.0, 0.0)
PBSZ_2	(0.0, 0.0)	(1.0, 0.0)	(2.0, 0.0)	(3.0, 0.0)	(4.0, 0.0)	(5.0, 0.0)	(6.0, 0.0)	(7.0, 0.0)	(8.0, 0.0)	(9.0, 0.0)	(10.0, 0.0)	(11.0, 0.0)	(12.0, 0.0)	(13.0, 0.0)	(14.0, 0.0)	(15.0, 0.0)	(16.0, 0.0)	(17.0, 0.0)	(18.0, 0.0)	(19.0, 0.0)	(20.0, 0.0)	(21.0, 0.0)	(22.0, 0.0)	(23.0, 0.0)	(24.0, 0.0)	(25.0, 0.0)	(26.0, 0.0)	(27.0, 0.0)	(28.0, 0.0)	(29.0, 0.0)	(30.0, 0.0)	(31.0, 0.0)	(32.0, 0.0)	(33.0, 0.25)	(34.0, 0.25)	(35.0, 0.0)	(36.0, 0.25)	(37.0, 0.5)	(38.0, 0.0)	(39.0, 0.75)	(40.0, 0.75)	(41.0, 1.25)	(42.0, 1.75)	(43.0, 1.25)	(44.0, 1.0)	(45.0, 3.75)	(46.0, 4.25)	(47.0, 12.5)	(48.0, 223.5)	(49.0, 16.5)	(50.0, 3560.0)	(51.0, 4784.5)	(52.0, 62.25)	(53.0, 7990.0)	(54.0, 359.5)	(55.0, 1206.25)	(56.0, 1189.5)	(57.0, 5.5)	(58.0, 3.25)	(59.0, 1.25)	(60.0, 1.5)	(61.0, 2.0)	(62.0, 0.75)	(63.0, 1.5)	(64.0, 0.5)	(65.0, 0.25)	(66.0, 0.75)	(67.0, 0.25)	(68.0, 1.0)	(69.0, 0.25)	(70.0, 0.25)	(71.0, 0.5)	(72.0, 0.75)	(73.0, 1.5)	(74.0, 0.0)	(75.0, 0.0)	(76.0, 1.25)	(77.0, 1.75)	(78.0, 9.0)	(79.0, 3.25)	(80.0, 100.0)	(81.0, 276.75)	(82.0, 6.75)	(83.0, 85.75)	(84.0, 491.75)	(85.0, 57.75)	(86.0, 0.0)	(87.0, 0.5)	(88.0, 0.25)	(89.0, 0.0)	(90.0, 0.0)	(91.0, 0.5)	(92.0, 0.0)	(93.0, 0.0)	(94.0, 0.0)	(95.0, 0.25)	(96.0, 0.0)	(97.0, 0.25)	(98.0, 0.0)	(99.0, 0.0)	(100.0, 134.66666666666612)
ST1D_1	(0.0, 0.0)	(1.0, 0.0)	(2.0, 0.0)	(3.0, 0.0)	(4.0, 0.0)	(5.0, 0.0)	(6.0, 0.0)	(7.0, 0.0)	(8.0, 0.0)	(9.0, 0.0)	(10.0, 0.0)	(11.0, 0.0)	(12.0, 0.0)	(13.0, 0.0)	(14.0, 0.0)	(15.0, 0.0)	(16.0, 0.0)	(17.0, 0.0)	(18.0, 0.0)	(19.0, 0.0)	(20.0, 0.0)	(21.0, 0.0)	(22.0, 0.0)	(23.0, 0.25)	(24.0, 0.0)	(25.0, 0.0)	(26.0, 0.5)	(27.0, 0.0)	(28.0, 0.0)	(29.0, 0.5)	(30.0, 0.75)	(31.0, 0.75)	(32.0, 1.5)	(33.0, 0.5)	(34.0, 0.5)	(35.0, 1.0)	(36.0, 2.25)	(37.0, 2.0)	(38.0, 2.0)	(39.0, 2.5)	(40.0, 5.5)	(41.0, 121.25)	(42.0, 1366.25)	(43.0, 154.0)	(44.0, 301.25)	(45.0, 6436.25)	(46.0, 3550.75)	(47.0, 1226.5)	(48.0, 14551.75)	(49.0, 1456.5)	(50.0, 63.75)	(51.0, 6.0)	(52.0, 4.0)	(53.0, 6.5)	(54.0, 5.25)	(55.0, 4.0)	(56.0, 6.75)	(57.0, 13.25)	(58.0, 103.25)	(59.0, 793.5)	(60.0, 7050.5)	(61.0, 1023.75)	(62.0, 6.0)	(63.0, 5.5)	(64.0, 2.75)	(65.0, 3.25)	(66.0, 11.25)	(67.0, 1.0)	(68.0, 0.25)	(69.0, 0.25)	(70.0, 0.25)	(71.0, 0.0)	(72.0, 0.5)	(73.0, 0.75)	(74.0, 0.5)	(75.0, 0.0)	(76.0, 0.0)	(77.0, 2.5)	(78.0, 1.25)	(79.0, 2.25)	(80.0, 115.25)	(81.0, 203.75)	(82.0, 23.75)	(83.0, 49.0)	(84.0, 615.5)	(85.0, 406.75)	(86.0, 14.0)	(87.0, 1.0)	(88.0, 0.5)	(89.0, 0.0)	(90.0, 1.25)	(91.0, 1.0)	(92.0, 0.0)	(93.0, 0.0)	(94.0, 0.0)	(95.0, 0.0)	(96.0, 0.0)	(97.0, 0.0)	(98.0, 0.0)	(99.0, 0.0)	(100.0, 0.3333333333333333)
ST1D_2	(0.0, 0.0)	(1.0, 0.0)	(2.0, 0.0)	(3.0, 0.0)	(4.0, 0.0)	(5.0, 0.0)	(6.0, 0.0)	(7.0, 0.0)	(8.0, 0.0)	(9.0, 0.0)	(10.0, 0.0)	(11.0, 0.0)	(12.0, 0.0)	(13.0, 0.0)	(14.0, 0.0)	(15.0, 0.0)	(16.0, 0.0)	(17.0, 0.0)	(18.0, 0.0)	(19.0, 0.0)	(20.0, 0.0)	(21.0, 0.0)	(22.0, 0.25)	(23.0, 0.0)	(24.0, 0.0)	(25.0, 0.0)	(26.0, 0.0)	(27.0, 0.0)	(28.0, 0.5)	(29.0, 1.0)	(30.0, 0.75)	(31.0, 0.0)	(32.0, 0.25)	(33.0, 1.75)	(34.0, 2.5)	(35.0, 2.25)	(36.0, 2.75)	(37.0, 3.0)	(38.0, 5.75)	(39.0, 14.25)	(40.0, 1371.25)	(41.0, 144.25)	(42.0, 11.75)	(43.0, 14.0)	(44.0, 19.75)	(45.0, 8128.75)	(46.0, 8891.25)	(47.0, 792.25)	(48.0, 10817.25)	(49.0, 4305.25)	(50.0, 452.75)	(51.0, 25.0)	(52.0, 14.75)	(53.0, 13.0)	(54.0, 8.75)	(55.0, 6.75)	(56.0, 8.5)	(57.0, 10.0)	(58.0, 17.0)	(59.0, 115.5)	(60.0, 547.5)	(61.0, 6758.25)	(62.0, 1983.75)	(63.0, 12.0)	(64.0, 5.0)	(65.0, 4.75)	(66.0, 4.25)	(67.0, 7.75)	(68.0, 6.75)	(69.0, 8.25)	(70.0, 11.0)	(71.0, 2.0)	(72.0, 2.25)	(73.0, 3.25)	(74.0, 2.25)	(75.0, 1.75)	(76.0, 1.75)	(77.0, 3.0)	(78.0, 2.75)	(79.0, 1.5)	(80.0, 8.0)	(81.0, 244.0)	(82.0, 19.25)	(83.0, 18.0)	(84.0, 623.0)	(85.0, 593.0)	(86.0, 2.75)	(87.0, 0.0)	(88.0, 0.0)	(89.0, 0.5)	(90.0, 0.25)	(91.0, 0.5)	(92.0, 0.25)	(93.0, 0.0)	(94.0, 0.0)	(95.0, 0.0)	(96.0, 0.0)	(97.0, 0.5)	(98.0, 0.75)	(99.0, 3.5)	(100.0, 345.66666666666447)
ST1Q_1	(0.0, 0.0)	(1.0, 0.0)	(2.0, 0.0)	(3.0, 0.0)	(4.0, 0.0)	(5.0, 0.0)	(6.0, 0.0)	(7.0, 0.0)	(8.0, 0.0)	(9.0, 0.0)	(10.0, 0.0)	(11.0, 0.0)	(12.0, 0.0)	(13.0, 0.0)	(14.0, 0.0)	(15.0, 0.0)	(16.0, 0.0)	(17.0, 0.0)	(18.0, 0.0)	(19.0, 0.0)	(20.0, 0.0)	(21.0, 0.0)	(22.0, 0.25)	(23.0, 0.0)	(24.0, 0.0)	(25.0, 0.0)	(26.0, 0.0)	(27.0, 0.0)	(28.0, 0.5)	(29.0, 0.25)	(30.0, 0.5)	(31.0, 0.75)	(32.0, 0.5)	(33.0, 1.0)	(34.0, 1.25)	(35.0, 1.0)	(36.0, 0.25)	(37.0, 1.5)	(38.0, 1.25)	(39.0, 2.25)	(40.0, 4.0)	(41.0, 102.0)	(42.0, 1220.5)	(43.0, 147.75)	(44.0, 308.0)	(45.0, 6895.75)	(46.0, 4066.0)	(47.0, 1255.5)	(48.0, 14862.75)	(49.0, 1470.5)	(50.0, 68.5)	(51.0, 5.75)	(52.0, 2.0)	(53.0, 2.75)	(54.0, 2.25)	(55.0, 2.5)	(56.0, 3.5)	(57.0, 14.25)	(58.0, 101.0)	(59.0, 702.0)	(60.0, 6194.25)	(61.0, 868.0)	(62.0, 3.75)	(63.0, 1.25)	(64.0, 0.25)	(65.0, 0.0)	(66.0, 0.0)	(67.0, 0.0)	(68.0, 0.25)	(69.0, 0.0)	(70.0, 0.0)	(71.0, 0.25)	(72.0, 0.5)	(73.0, 0.5)	(74.0, 0.75)	(75.0, 0.25)	(76.0, 2.25)	(77.0, 2.75)	(78.0, 2.0)	(79.0, 12.25)	(80.0, 282.75)	(81.0, 32.25)	(82.0, 9.5)	(83.0, 411.75)	(84.0, 465.0)	(85.0, 13.75)	(86.0, 3.75)	(87.0, 1.25)	(88.0, 0.0)	(89.0, 1.0)	(90.0, 3.0)	(91.0, 0.0)	(92.0, 0.0)	(93.0, 0.0)	(94.0, 0.0)	(95.0, 0.0)	(96.0, 0.0)	(97.0, 0.0)	(98.0, 0.0)	(99.0, 0.0)	(100.0, 0.0)
ST1Q_2	(0.0, 0.0)	(1.0, 0.0)	(2.0, 0.0)	(3.0, 0.0)	(4.0, 0.0)	(5.0, 0.0)	(6.0, 0.0)	(7.0, 0.0)	(8.0, 0.0)	(9.0, 0.0)	(10.0, 0.0)	(11.0, 0.0)	(12.0, 0.0)	(13.0, 0.0)	(14.0, 0.0)	(15.0, 0.0)	(16.0, 0.0)	(17.0, 0.0)	(18.0, 0.0)	(19.0, 0.0)	(20.0, 0.0)	(21.0, 0.0)	(22.0, 0.0)	(23.0, 0.0)	(24.0, 0.25)	(25.0, 0.0)	(26.0, 0.0)	(27.0, 0.0)	(28.0, 0.0)	(29.0, 0.25)	(30.0, 0.5)	(31.0, 0.25)	(32.0, 1.5)	(33.0, 2.5)	(34.0, 2.25)	(35.0, 1.0)	(36.0, 2.0)	(37.0, 3.75)	(38.0, 4.5)	(39.0, 13.0)	(40.0, 1231.25)	(41.0, 126.25)	(42.0, 8.25)	(43.0, 13.25)	(44.0, 15.5)	(45.0, 8979.75)	(46.0, 9809.75)	(47.0, 778.75)	(48.0, 10100.75)	(49.0, 5326.0)	(50.0, 523.5)	(51.0, 24.5)	(52.0, 8.5)	(53.0, 8.0)	(54.0, 7.75)	(55.0, 7.0)	(56.0, 5.25)	(57.0, 5.25)	(58.0, 15.0)	(59.0, 115.75)	(60.0, 506.5)	(61.0, 5948.0)	(62.0, 1765.25)	(63.0, 9.0)	(64.0, 4.5)	(65.0, 3.75)	(66.0, 4.5)	(67.0, 3.75)	(68.0, 5.0)	(69.0, 0.75)	(70.0, 1.75)	(71.0, 1.5)	(72.0, 2.75)	(73.0, 2.25)	(74.0, 2.25)	(75.0, 1.5)	(76.0, 3.0)	(77.0, 3.25)	(78.0, 3.0)	(79.0, 7.25)	(80.0, 289.75)	(81.0, 23.0)	(82.0, 16.25)	(83.0, 482.75)	(84.0, 458.0)	(85.0, 1.0)	(86.0, 0.0)	(87.0, 0.25)	(88.0, 0.5)	(89.0, 0.5)	(90.0, 0.25)	(91.0, 0.0)	(92.0, 0.5)	(93.0, 0.5)	(94.0, 0.25)	(95.0, 0.25)	(96.0, 0.5)	(97.0, 0.25)	(98.0, 0.25)	(99.0, 2.25)	(100.0, 402.99999999999454)
ST1Z_1	(0.0, 0.0)	(1.0, 0.0)	(2.0, 0.0)	(3.0, 0.0)	(4.0, 0.0)	(5.0, 0.0)	(6.0, 0.0)	(7.0, 0.0)	(8.0, 0.0)	(9.0, 0.0)	(10.0, 0.0)	(11.0, 0.0)	(12.0, 0.0)	(13.0, 0.0)	(14.0, 0.0)	(15.0, 0.0)	(16.0, 0.0)	(17.0, 0.0)	(18.0, 0.0)	(19.0, 0.0)	(20.0, 0.0)	(21.0, 0.0)	(22.0, 0.0)	(23.0, 0.0)	(24.0, 0.0)	(25.0, 0.0)	(26.0, 0.0)	(27.0, 0.25)	(28.0, 0.5)	(29.0, 0.0)	(30.0, 1.25)	(31.0, 1.0)	(32.0, 1.5)	(33.0, 1.5)	(34.0, 2.25)	(35.0, 1.25)	(36.0, 1.5)	(37.0, 1.25)	(38.0, 1.25)	(39.0, 3.5)	(40.0, 5.0)	(41.0, 129.5)	(42.0, 1281.5)	(43.0, 154.75)	(44.0, 316.5)	(45.0, 7450.25)	(46.0, 3406.25)	(47.0, 1178.75)	(48.0, 14370.5)	(49.0, 1344.0)	(50.0, 57.0)	(51.0, 9.0)	(52.0, 7.0)	(53.0, 3.75)	(54.0, 2.25)	(55.0, 3.25)	(56.0, 4.25)	(57.0, 10.0)	(58.0, 88.5)	(59.0, 711.0)	(60.0, 6352.5)	(61.0, 890.0)	(62.0, 4.0)	(63.0, 0.5)	(64.0, 0.25)	(65.0, 0.25)	(66.0, 0.25)	(67.0, 1.75)	(68.0, 1.25)	(69.0, 0.25)	(70.0, 0.0)	(71.0, 0.25)	(72.0, 0.0)	(73.0, 1.0)	(74.0, 0.0)	(75.0, 0.0)	(76.0, 0.0)	(77.0, 0.25)	(78.0, 2.75)	(79.0, 4.75)	(80.0, 9.0)	(81.0, 116.0)	(82.0, 16.25)	(83.0, 2.5)	(84.0, 196.75)	(85.0, 213.25)	(86.0, 8.75)	(87.0, 1.5)	(88.0, 1.0)	(89.0, 0.0)	(90.0, 0.75)	(91.0, 1.0)	(92.0, 0.0)	(93.0, 0.0)	(94.0, 0.0)	(95.0, 0.0)	(96.0, 0.0)	(97.0, 0.0)	(98.0, 0.0)	(99.0, 0.0)	(100.0, 0.3333333333333333)
ST1Z_2	(0.0, 0.0)	(1.0, 0.0)	(2.0, 0.0)	(3.0, 0.0)	(4.0, 0.0)	(5.0, 0.0)	(6.0, 0.0)	(7.0, 0.0)	(8.0, 0.0)	(9.0, 0.0)	(10.0, 0.0)	(11.0, 0.0)	(12.0, 0.0)	(13.0, 0.0)	(14.0, 0.0)	(15.0, 0.0)	(16.0, 0.0)	(17.0, 0.0)	(18.0, 0.0)	(19.0, 0.0)	(20.0, 0.0)	(21.0, 0.0)	(22.0, 0.0)	(23.0, 0.0)	(24.0, 0.0)	(25.0, 0.0)	(26.0, 0.25)	(27.0, 0.0)	(28.0, 0.0)	(29.0, 0.25)	(30.0, 0.0)	(31.0, 0.0)	(32.0, 0.5)	(33.0, 2.5)	(34.0, 2.5)	(35.0, 1.75)	(36.0, 2.25)	(37.0, 3.25)	(38.0, 6.75)	(39.0, 18.5)	(40.0, 1281.5)	(41.0, 136.5)	(42.0, 12.75)	(43.0, 25.25)	(44.0, 26.0)	(45.0, 8897.0)	(46.0, 9701.75)	(47.0, 800.25)	(48.0, 10608.0)	(49.0, 4234.5)	(50.0, 438.75)	(51.0, 35.75)	(52.0, 15.75)	(53.0, 9.0)	(54.0, 8.75)	(55.0, 6.5)	(56.0, 6.75)	(57.0, 8.0)	(58.0, 12.0)	(59.0, 105.0)	(60.0, 484.5)	(61.0, 6072.0)	(62.0, 1768.25)	(63.0, 16.5)	(64.0, 9.0)	(65.0, 7.0)	(66.0, 5.5)	(67.0, 5.75)	(68.0, 6.5)	(69.0, 4.25)	(70.0, 3.25)	(71.0, 2.5)	(72.0, 2.25)	(73.0, 2.25)	(74.0, 2.25)	(75.0, 1.0)	(76.0, 0.75)	(77.0, 3.5)	(78.0, 4.5)	(79.0, 9.0)	(80.0, 121.0)	(81.0, 9.75)	(82.0, 4.25)	(83.0, 224.25)	(84.0, 208.5)	(85.0, 1.0)	(86.0, 0.0)	(87.0, 0.25)	(88.0, 0.0)	(89.0, 0.0)	(90.0, 0.0)	(91.0, 0.0)	(92.0, 0.25)	(93.0, 0.0)	(94.0, 0.0)	(95.0, 0.25)	(96.0, 0.25)	(97.0, 1.0)	(98.0, 1.0)	(99.0, 5.5)	(100.0, 437.66666666665924)
ST2D_1	(0.0, 0.0)	(1.0, 0.0)	(2.0, 0.0)	(3.0, 0.0)	(4.0, 0.0)	(5.0, 0.0)	(6.0, 0.0)	(7.0, 0.0)	(8.0, 0.0)	(9.0, 0.0)	(10.0, 0.0)	(11.0, 0.0)	(12.0, 0.0)	(13.0, 0.0)	(14.0, 0.0)	(15.0, 0.0)	(16.0, 0.0)	(17.0, 0.0)	(18.0, 0.0)	(19.0, 0.0)	(20.0, 0.0)	(21.0, 0.0)	(22.0, 0.0)	(23.0, 0.0)	(24.0, 0.0)	(25.0, 0.25)	(26.0, 0.25)	(27.0, 0.0)	(28.0, 0.0)	(29.0, 0.75)	(30.0, 1.5)	(31.0, 1.75)	(32.0, 1.25)	(33.0, 2.0)	(34.0, 1.25)	(35.0, 0.5)	(36.0, 1.0)	(37.0, 2.0)	(38.0, 2.25)	(39.0, 4.25)	(40.0, 7.0)	(41.0, 138.25)	(42.0, 1581.5)	(43.0, 195.25)	(44.0, 310.25)	(45.0, 6635.75)	(46.0, 4025.75)	(47.0, 1286.25)	(48.0, 14526.75)	(49.0, 1477.0)	(50.0, 71.5)	(51.0, 8.0)	(52.0, 5.5)	(53.0, 11.75)	(54.0, 5.5)	(55.0, 3.5)	(56.0, 6.25)	(57.0, 14.25)	(58.0, 106.25)	(59.0, 797.5)	(60.0, 6876.5)	(61.0, 949.5)	(62.0, 4.5)	(63.0, 2.25)	(64.0, 1.0)	(65.0, 0.25)	(66.0, 0.0)	(67.0, 0.5)	(68.0, 0.5)	(69.0, 0.25)	(70.0, 0.0)	(71.0, 0.25)	(72.0, 0.25)	(73.0, 0.0)	(74.0, 0.0)	(75.0, 0.5)	(76.0, 0.0)	(77.0, 0.0)	(78.0, 0.25)	(79.0, 3.0)	(80.0, 9.75)	(81.0, 41.0)	(82.0, 122.75)	(83.0, 112.75)	(84.0, 43.0)	(85.0, 152.5)	(86.0, 416.5)	(87.0, 146.5)	(88.0, 28.25)	(89.0, 5.5)	(90.0, 0.5)	(91.0, 0.0)	(92.0, 0.5)	(93.0, 0.0)	(94.0, 0.0)	(95.0, 0.0)	(96.0, 0.0)	(97.0, 0.0)	(98.0, 0.0)	(99.0, 0.0)	(100.0, 1.0)
ST2D_2	(0.0, 0.0)	(1.0, 0.0)	(2.0, 0.0)	(3.0, 0.0)	(4.0, 0.25)	(5.0, 0.0)	(6.0, 0.0)	(7.0, 0.0)	(8.0, 0.0)	(9.0, 0.0)	(10.0, 0.0)	(11.0, 0.0)	(12.0, 0.0)	(13.0, 0.0)	(14.0, 0.0)	(15.0, 0.0)	(16.0, 0.0)	(17.0, 0.0)	(18.0, 0.25)	(19.0, 0.25)	(20.0, 0.25)	(21.0, 0.25)	(22.0, 0.0)	(23.0, 0.0)	(24.0, 0.25)	(25.0, 0.25)	(26.0, 0.75)	(27.0, 1.25)	(28.0, 1.0)	(29.0, 1.25)	(30.0, 2.0)	(31.0, 1.5)	(32.0, 2.5)	(33.0, 4.25)	(34.0, 5.25)	(35.0, 6.25)	(36.0, 5.0)	(37.0, 8.0)	(38.0, 9.5)	(39.0, 19.5)	(40.0, 1595.0)	(41.0, 157.5)	(42.0, 13.0)	(43.0, 19.75)	(44.0, 20.25)	(45.0, 8687.5)	(46.0, 9509.0)	(47.0, 810.0)	(48.0, 10498.75)	(49.0, 4659.75)	(50.0, 477.5)	(51.0, 24.75)	(52.0, 10.25)	(53.0, 15.5)	(54.0, 8.25)	(55.0, 8.0)	(56.0, 6.25)	(57.0, 4.5)	(58.0, 13.25)	(59.0, 111.0)	(60.0, 565.25)	(61.0, 6668.5)	(62.0, 1846.5)	(63.0, 5.5)	(64.0, 3.25)	(65.0, 2.5)	(66.0, 2.5)	(67.0, 4.0)	(68.0, 4.0)	(69.0, 2.25)	(70.0, 1.0)	(71.0, 2.0)	(72.0, 2.25)	(73.0, 1.25)	(74.0, 0.75)	(75.0, 2.0)	(76.0, 1.5)	(77.0, 1.75)	(78.0, 1.5)	(79.0, 2.0)	(80.0, 215.5)	(81.0, 162.75)	(82.0, 4.75)	(83.0, 107.0)	(84.0, 543.25)	(85.0, 7.0)	(86.0, 0.75)	(87.0, 0.5)	(88.0, 0.0)	(89.0, 0.0)	(90.0, 0.25)	(91.0, 0.0)	(92.0, 0.25)	(93.0, 0.0)	(94.0, 0.25)	(95.0, 0.0)	(96.0, 0.5)	(97.0, 0.0)	(98.0, 0.25)	(99.0, 1.0)	(100.0, 326.99999999999886)
ST2Q_1	(0.0, 0.0)	(1.0, 0.0)	(2.0, 0.0)	(3.0, 0.0)	(4.0, 0.0)	(5.0, 0.0)	(6.0, 0.0)	(7.0, 0.0)	(8.0, 0.0)	(9.0, 0.0)	(10.0, 0.0)	(11.0, 0.0)	(12.0, 0.0)	(13.0, 0.0)	(14.0, 0.0)	(15.0, 0.0)	(16.0, 0.0)	(17.0, 0.0)	(18.0, 0.0)	(19.0, 0.0)	(20.0, 0.0)	(21.0, 0.0)	(22.0, 0.25)	(23.0, 0.0)	(24.0, 0.0)	(25.0, 0.0)	(26.0, 0.5)	(27.0, 0.5)	(28.0, 0.0)	(29.0, 0.25)	(30.0, 0.5)	(31.0, 1.0)	(32.0, 1.75)	(33.0, 0.75)	(34.0, 0.75)	(35.0, 1.0)	(36.0, 2.5)	(37.0, 2.75)	(38.0, 3.5)	(39.0, 3.5)	(40.0, 7.0)	(41.0, 100.75)	(42.0, 967.75)	(43.0, 124.75)	(44.0, 294.25)	(45.0, 6294.75)	(46.0, 3381.75)	(47.0, 1162.0)	(48.0, 13385.0)	(49.0, 1430.5)	(50.0, 63.25)	(51.0, 5.5)	(52.0, 2.0)	(53.0, 3.25)	(54.0, 3.25)	(55.0, 1.75)	(56.0, 2.75)	(57.0, 17.5)	(58.0, 93.0)	(59.0, 637.25)	(60.0, 5534.75)	(61.0, 854.25)	(62.0, 4.25)	(63.0, 0.5)	(64.0, 0.25)	(65.0, 0.0)	(66.0, 0.0)	(67.0, 0.5)	(68.0, 0.5)	(69.0, 0.0)	(70.0, 0.0)	(71.0, 0.0)	(72.0, 0.75)	(73.0, 0.75)	(74.0, 0.25)	(75.0, 0.0)	(76.0, 0.25)	(77.0, 1.25)	(78.0, 3.0)	(79.0, 15.0)	(80.0, 88.75)	(81.0, 239.75)	(82.0, 87.5)	(83.0, 59.0)	(84.0, 496.0)	(85.0, 320.5)	(86.0, 13.25)	(87.0, 1.5)	(88.0, 0.25)	(89.0, 0.5)	(90.0, 2.0)	(91.0, 1.25)	(92.0, 0.25)	(93.0, 0.0)	(94.0, 0.0)	(95.0, 0.0)	(96.0, 0.0)	(97.0, 0.0)	(98.0, 0.0)	(99.0, 0.0)	(100.0, 0.3333333333333333)
ST2Q_2	(0.0, 0.0)	(1.0, 0.0)	(2.0, 0.0)	(3.0, 0.0)	(4.0, 0.0)	(5.0, 0.0)	(6.0, 0.0)	(7.0, 0.0)	(8.0, 0.0)	(9.0, 0.0)	(10.0, 0.0)	(11.0, 0.0)	(12.0, 0.0)	(13.0, 0.0)	(14.0, 0.0)	(15.0, 0.0)	(16.0, 0.0)	(17.0, 0.0)	(18.0, 0.0)	(19.0, 0.0)	(20.0, 0.0)	(21.0, 0.0)	(22.0, 0.0)	(23.0, 0.25)	(24.0, 0.25)	(25.0, 0.25)	(26.0, 0.0)	(27.0, 0.5)	(28.0, 0.5)	(29.0, 0.0)	(30.0, 0.5)	(31.0, 0.75)	(32.0, 0.25)	(33.0, 1.75)	(34.0, 2.0)	(35.0, 3.0)	(36.0, 3.25)	(37.0, 4.75)	(38.0, 5.75)	(39.0, 9.25)	(40.0, 977.25)	(41.0, 101.0)	(42.0, 12.5)	(43.0, 15.5)	(44.0, 16.5)	(45.0, 7841.5)	(46.0, 8590.25)	(47.0, 742.75)	(48.0, 9139.25)	(49.0, 4814.25)	(50.0, 489.75)	(51.0, 22.75)	(52.0, 9.75)	(53.0, 10.25)	(54.0, 6.75)	(55.0, 5.0)	(56.0, 3.25)	(57.0, 4.75)	(58.0, 16.75)	(59.0, 86.0)	(60.0, 434.5)	(61.0, 5254.25)	(62.0, 1609.5)	(63.0, 9.0)	(64.0, 5.5)	(65.0, 5.0)	(66.0, 3.25)	(67.0, 4.75)	(68.0, 3.0)	(69.0, 3.75)	(70.0, 2.0)	(71.0, 1.25)	(72.0, 3.5)	(73.0, 1.75)	(74.0, 0.75)	(75.0, 1.25)	(76.0, 2.75)	(77.0, 2.5)	(78.0, 1.5)	(79.0, 13.25)	(80.0, 313.25)	(81.0, 20.75)	(82.0, 16.75)	(83.0, 561.25)	(84.0, 535.5)	(85.0, 1.25)	(86.0, 0.25)	(87.0, 0.25)	(88.0, 0.0)	(89.0, 0.0)	(90.0, 0.0)	(91.0, 0.0)	(92.0, 0.0)	(93.0, 0.0)	(94.0, 0.5)	(95.0, 0.75)	(96.0, 0.25)	(97.0, 0.0)	(98.0, 0.5)	(99.0, 4.0)	(100.0, 375.9999999999961)
ST2Z_1	(0.0, 0.0)	(1.0, 0.0)	(2.0, 0.0)	(3.0, 0.0)	(4.0, 0.0)	(5.0, 0.0)	(6.0, 0.0)	(7.0, 0.0)	(8.0, 0.0)	(9.0, 0.0)	(10.0, 0.0)	(11.0, 0.0)	(12.0, 0.0)	(13.0, 0.0)	(14.0, 0.0)	(15.0, 0.0)	(16.0, 0.0)	(17.0, 0.0)	(18.0, 0.0)	(19.0, 0.0)	(20.0, 0.0)	(21.0, 0.0)	(22.0, 0.0)	(23.0, 0.0)	(24.0, 0.0)	(25.0, 0.0)	(26.0, 0.0)	(27.0, 0.0)	(28.0, 0.0)	(29.0, 0.25)	(30.0, 0.75)	(31.0, 1.25)	(32.0, 1.0)	(33.0, 1.0)	(34.0, 0.75)	(35.0, 0.0)	(36.0, 0.75)	(37.0, 0.75)	(38.0, 2.75)	(39.0, 3.0)	(40.0, 4.5)	(41.0, 110.25)	(42.0, 1019.5)	(43.0, 110.75)	(44.0, 274.25)	(45.0, 6619.0)	(46.0, 2908.25)	(47.0, 1123.0)	(48.0, 14018.0)	(49.0, 1273.0)	(50.0, 54.0)	(51.0, 13.0)	(52.0, 11.0)	(53.0, 5.25)	(54.0, 3.0)	(55.0, 3.0)	(56.0, 8.0)	(57.0, 42.0)	(58.0, 107.75)	(59.0, 707.5)	(60.0, 5887.5)	(61.0, 851.75)	(62.0, 4.0)	(63.0, 0.5)	(64.0, 0.25)	(65.0, 0.0)	(66.0, 0.0)	(67.0, 1.25)	(68.0, 1.5)	(69.0, 0.0)	(70.0, 0.25)	(71.0, 0.0)	(72.0, 0.0)	(73.0, 0.25)	(74.0, 1.0)	(75.0, 0.25)	(76.0, 0.0)	(77.0, 0.25)	(78.0, 0.25)	(79.0, 4.5)	(80.0, 84.0)	(81.0, 148.0)	(82.0, 19.75)	(83.0, 13.0)	(84.0, 127.25)	(85.0, 108.0)	(86.0, 4.0)	(87.0, 0.5)	(88.0, 0.0)	(89.0, 0.0)	(90.0, 0.5)	(91.0, 0.5)	(92.0, 0.0)	(93.0, 0.0)	(94.0, 0.0)	(95.0, 0.0)	(96.0, 0.0)	(97.0, 0.0)	(98.0, 0.0)	(99.0, 0.0)	(100.0, 0.0)
ST2Z_2	(0.0, 0.0)	(1.0, 0.0)	(2.0, 0.0)	(3.0, 0.0)	(4.0, 0.0)	(5.0, 0.0)	(6.0, 0.0)	(7.0, 0.0)	(8.0, 0.0)	(9.0, 0.0)	(10.0, 0.0)	(11.0, 0.0)	(12.0, 0.0)	(13.0, 0.0)	(14.0, 0.0)	(15.0, 0.0)	(16.0, 0.0)	(17.0, 0.0)	(18.0, 0.0)	(19.0, 0.0)	(20.0, 0.0)	(21.0, 0.0)	(22.0, 0.0)	(23.0, 0.0)	(24.0, 0.0)	(25.0, 0.0)	(26.0, 0.0)	(27.0, 0.0)	(28.0, 0.25)	(29.0, 0.25)	(30.0, 0.0)	(31.0, 0.25)	(32.0, 1.0)	(33.0, 2.0)	(34.0, 1.5)	(35.0, 2.25)	(36.0, 2.75)	(37.0, 1.75)	(38.0, 5.0)	(39.0, 12.5)	(40.0, 1020.0)	(41.0, 102.5)	(42.0, 8.5)	(43.0, 10.5)	(44.0, 18.75)	(45.0, 7754.0)	(46.0, 8514.0)	(47.0, 739.75)	(48.0, 10608.5)	(49.0, 3933.5)	(50.0, 392.75)	(51.0, 27.75)	(52.0, 16.75)	(53.0, 8.25)	(54.0, 7.0)	(55.0, 7.5)	(56.0, 7.25)	(57.0, 6.5)	(58.0, 44.75)	(59.0, 95.25)	(60.0, 459.0)	(61.0, 5654.75)	(62.0, 1607.25)	(63.0, 9.25)	(64.0, 5.0)	(65.0, 4.25)	(66.0, 5.25)	(67.0, 4.0)	(68.0, 1.25)	(69.0, 3.0)	(70.0, 1.25)	(71.0, 1.75)	(72.0, 2.25)	(73.0, 4.0)	(74.0, 2.25)	(75.0, 1.5)	(76.0, 1.5)	(77.0, 1.5)	(78.0, 4.0)	(79.0, 65.25)	(80.0, 176.75)	(81.0, 1.75)	(82.0, 21.5)	(83.0, 159.25)	(84.0, 24.25)	(85.0, 1.0)	(86.0, 0.5)	(87.0, 0.75)	(88.0, 0.0)	(89.0, 0.0)	(90.0, 0.25)	(91.0, 0.0)	(92.0, 0.0)	(93.0, 0.0)	(94.0, 0.0)	(95.0, 0.0)	(96.0, 0.0)	(97.0, 0.0)	(98.0, 0.25)	(99.0, 3.75)	(100.0, 307.0)
ST3D_1	(0.0, 0.0)	(1.0, 0.0)	(2.0, 0.0)	(3.0, 0.0)	(4.0, 0.0)	(5.0, 0.0)	(6.0, 0.0)	(7.0, 0.0)	(8.0, 0.0)	(9.0, 0.0)	(10.0, 0.0)	(11.0, 0.0)	(12.0, 0.0)	(13.0, 0.0)	(14.0, 0.0)	(15.0, 0.0)	(16.0, 0.0)	(17.0, 0.0)	(18.0, 0.0)	(19.0, 0.0)	(20.0, 0.0)	(21.0, 0.25)	(22.0, 0.0)	(23.0, 0.25)	(24.0, 0.0)	(25.0, 0.25)	(26.0, 0.0)	(27.0, 0.5)	(28.0, 0.5)	(29.0, 1.0)	(30.0, 0.5)	(31.0, 1.25)	(32.0, 1.25)	(33.0, 0.75)	(34.0, 0.25)	(35.0, 0.5)	(36.0, 2.5)	(37.0, 2.5)	(38.0, 2.25)	(39.0, 4.25)	(40.0, 8.0)	(41.0, 162.5)	(42.0, 1776.5)	(43.0, 212.0)	(44.0, 331.75)	(45.0, 6758.25)	(46.0, 4073.5)	(47.0, 1326.75)	(48.0, 15500.25)	(49.0, 1587.25)	(50.0, 80.25)	(51.0, 6.75)	(52.0, 5.75)	(53.0, 8.25)	(54.0, 5.25)	(55.0, 4.5)	(56.0, 10.5)	(57.0, 68.0)	(58.0, 146.25)	(59.0, 799.0)	(60.0, 7385.0)	(61.0, 1074.75)	(62.0, 6.0)	(63.0, 1.5)	(64.0, 0.5)	(65.0, 0.0)	(66.0, 0.0)	(67.0, 0.25)	(68.0, 0.25)	(69.0, 0.0)	(70.0, 0.0)	(71.0, 0.0)	(72.0, 0.0)	(73.0, 0.0)	(74.0, 0.5)	(75.0, 0.25)	(76.0, 0.0)	(77.0, 0.0)	(78.0, 0.0)	(79.0, 0.5)	(80.0, 11.25)	(81.0, 145.25)	(82.0, 21.0)	(83.0, 11.75)	(84.0, 433.0)	(85.0, 546.0)	(86.0, 16.25)	(87.0, 1.5)	(88.0, 0.5)	(89.0, 0.0)	(90.0, 1.0)	(91.0, 3.0)	(92.0, 0.0)	(93.0, 0.0)	(94.0, 0.0)	(95.0, 0.0)	(96.0, 0.0)	(97.0, 0.0)	(98.0, 0.0)	(99.0, 0.0)	(100.0, 0.0)
ST3D_2	(0.0, 0.0)	(1.0, 0.0)	(2.0, 0.0)	(3.0, 0.0)	(4.0, 0.0)	(5.0, 0.0)	(6.0, 0.0)	(7.0, 0.0)	(8.0, 0.0)	(9.0, 0.0)	(10.0, 0.0)	(11.0, 0.0)	(12.0, 0.0)	(13.0, 0.0)	(14.0, 0.0)	(15.0, 0.0)	(16.0, 0.0)	(17.0, 0.0)	(18.0, 0.0)	(19.0, 0.0)	(20.0, 0.0)	(21.0, 0.0)	(22.0, 0.0)	(23.0, 0.0)	(24.0, 0.0)	(25.0, 0.0)	(26.0, 0.0)	(27.0, 0.0)	(28.0, 0.5)	(29.0, 0.5)	(30.0, 1.25)	(31.0, 0.75)	(32.0, 1.25)	(33.0, 3.75)	(34.0, 4.25)	(35.0, 4.75)	(36.0, 4.25)	(37.0, 3.75)	(38.0, 4.25)	(39.0, 19.75)	(40.0, 1792.75)	(41.0, 178.0)	(42.0, 13.0)	(43.0, 19.25)	(44.0, 23.0)	(45.0, 8871.25)	(46.0, 9641.75)	(47.0, 857.5)	(48.0, 11218.25)	(49.0, 4932.75)	(50.0, 513.75)	(51.0, 30.0)	(52.0, 11.25)	(53.0, 10.5)	(54.0, 7.5)	(55.0, 6.0)	(56.0, 7.5)	(57.0, 8.5)	(58.0, 78.5)	(59.0, 128.25)	(60.0, 531.25)	(61.0, 7076.5)	(62.0, 2141.25)	(63.0, 11.0)	(64.0, 4.0)	(65.0, 3.75)	(66.0, 3.0)	(67.0, 4.0)	(68.0, 3.75)	(69.0, 3.0)	(70.0, 2.75)	(71.0, 1.0)	(72.0, 1.0)	(73.0, 1.25)	(74.0, 0.75)	(75.0, 0.0)	(76.0, 0.75)	(77.0, 1.25)	(78.0, 2.0)	(79.0, 41.0)	(80.0, 152.5)	(81.0, 8.5)	(82.0, 49.75)	(83.0, 640.25)	(84.0, 92.5)	(85.0, 1.0)	(86.0, 0.5)	(87.0, 0.5)	(88.0, 0.25)	(89.0, 0.0)	(90.0, 0.25)	(91.0, 0.0)	(92.0, 0.0)	(93.0, 0.0)	(94.0, 1.0)	(95.0, 0.25)	(96.0, 0.0)	(97.0, 0.75)	(98.0, 0.5)	(99.0, 3.25)	(100.0, 371.666666666663)
ST3Q_1	(0.0, 0.0)	(1.0, 0.0)	(2.0, 0.0)	(3.0, 0.0)	(4.0, 0.0)	(5.0, 0.0)	(6.0, 0.0)	(7.0, 0.0)	(8.0, 0.0)	(9.0, 0.0)	(10.0, 0.0)	(11.0, 0.0)	(12.0, 0.0)	(13.0, 0.0)	(14.0, 0.0)	(15.0, 0.0)	(16.0, 0.0)	(17.0, 0.0)	(18.0, 0.0)	(19.0, 0.0)	(20.0, 0.0)	(21.0, 0.0)	(22.0, 0.0)	(23.0, 0.0)	(24.0, 0.0)	(25.0, 0.5)	(26.0, 0.25)	(27.0, 0.0)	(28.0, 0.5)	(29.0, 0.5)	(30.0, 0.5)	(31.0, 0.25)	(32.0, 0.75)	(33.0, 0.25)	(34.0, 0.5)	(35.0, 0.0)	(36.0, 1.25)	(37.0, 1.25)	(38.0, 1.5)	(39.0, 1.5)	(40.0, 3.75)	(41.0, 105.25)	(42.0, 1173.25)	(43.0, 141.75)	(44.0, 287.5)	(45.0, 6446.75)	(46.0, 3891.75)	(47.0, 1221.75)	(48.0, 14111.5)	(49.0, 1421.75)	(50.0, 66.5)	(51.0, 4.75)	(52.0, 5.25)	(53.0, 4.25)	(54.0, 2.5)	(55.0, 3.25)	(56.0, 4.5)	(57.0, 14.0)	(58.0, 92.25)	(59.0, 797.0)	(60.0, 5980.0)	(61.0, 869.25)	(62.0, 4.25)	(63.0, 1.0)	(64.0, 0.0)	(65.0, 0.25)	(66.0, 0.0)	(67.0, 0.0)	(68.0, 0.25)	(69.0, 0.0)	(70.0, 0.0)	(71.0, 0.0)	(72.0, 0.5)	(73.0, 0.5)	(74.0, 0.75)	(75.0, 1.25)	(76.0, 0.5)	(77.0, 0.25)	(78.0, 0.75)	(79.0, 6.5)	(80.0, 34.75)	(81.0, 181.25)	(82.0, 168.5)	(83.0, 37.0)	(84.0, 216.75)	(85.0, 519.5)	(86.0, 141.75)	(87.0, 10.25)	(88.0, 1.5)	(89.0, 0.0)	(90.0, 0.75)	(91.0, 0.75)	(92.0, 0.25)	(93.0, 0.0)	(94.0, 0.0)	(95.0, 0.0)	(96.0, 0.0)	(97.0, 0.0)	(98.0, 0.0)	(99.0, 0.0)	(100.0, 0.3333333333333333)
ST3Q_2	(0.0, 0.0)	(1.0, 0.0)	(2.0, 0.0)	(3.0, 0.0)	(4.0, 0.0)	(5.0, 0.0)	(6.0, 0.0)	(7.0, 0.0)	(8.0, 0.0)	(9.0, 0.0)	(10.0, 0.0)	(11.0, 0.0)	(12.0, 0.0)	(13.0, 0.0)	(14.0, 0.0)	(15.0, 0.0)	(16.0, 0.0)	(17.0, 0.0)	(18.0, 0.0)	(19.0, 0.0)	(20.0, 0.0)	(21.0, 0.0)	(22.0, 0.0)	(23.0, 0.0)	(24.0, 0.0)	(25.0, 0.0)	(26.0, 0.0)	(27.0, 0.0)	(28.0, 0.0)	(29.0, 0.25)	(30.0, 0.25)	(31.0, 0.0)	(32.0, 0.75)	(33.0, 2.5)	(34.0, 1.5)	(35.0, 3.25)	(36.0, 2.5)	(37.0, 4.25)	(38.0, 4.5)	(39.0, 11.25)	(40.0, 1171.75)	(41.0, 123.75)	(42.0, 10.25)	(43.0, 19.0)	(44.0, 22.25)	(45.0, 8441.75)	(46.0, 9259.0)	(47.0, 758.75)	(48.0, 9714.5)	(49.0, 4954.25)	(50.0, 501.0)	(51.0, 30.75)	(52.0, 13.5)	(53.0, 9.25)	(54.0, 5.75)	(55.0, 4.0)	(56.0, 6.25)	(57.0, 7.0)	(58.0, 14.0)	(59.0, 101.0)	(60.0, 613.0)	(61.0, 5835.5)	(62.0, 1747.5)	(63.0, 10.0)	(64.0, 7.75)	(65.0, 3.5)	(66.0, 4.25)	(67.0, 4.25)	(68.0, 4.0)	(69.0, 2.0)	(70.0, 3.25)	(71.0, 3.25)	(72.0, 2.75)	(73.0, 2.75)	(74.0, 1.5)	(75.0, 1.5)	(76.0, 2.25)	(77.0, 1.75)	(78.0, 5.25)	(79.0, 80.75)	(80.0, 276.0)	(81.0, 9.0)	(82.0, 58.0)	(83.0, 671.0)	(84.0, 106.25)	(85.0, 0.5)	(86.0, 0.75)	(87.0, 0.25)	(88.0, 0.5)	(89.0, 0.25)	(90.0, 0.5)	(91.0, 0.25)	(92.0, 0.0)	(93.0, 0.0)	(94.0, 0.0)	(95.0, 0.5)	(96.0, 0.25)	(97.0, 0.25)	(98.0, 0.75)	(99.0, 2.75)	(100.0, 324.999999999999)
ST3Z_1	(0.0, 0.0)	(1.0, 0.0)	(2.0, 0.0)	(3.0, 0.0)	(4.0, 0.0)	(5.0, 0.0)	(6.0, 0.0)	(7.0, 0.0)	(8.0, 0.0)	(9.0, 0.0)	(10.0, 0.0)	(11.0, 0.0)	(12.0, 0.0)	(13.0, 0.0)	(14.0, 0.0)	(15.0, 0.0)	(16.0, 0.0)	(17.0, 0.0)	(18.0, 0.0)	(19.0, 0.0)	(20.0, 0.0)	(21.0, 0.0)	(22.0, 0.0)	(23.0, 0.0)	(24.0, 0.0)	(25.0, 0.0)	(26.0, 0.25)	(27.0, 0.25)	(28.0, 0.0)	(29.0, 0.75)	(30.0, 2.0)	(31.0, 1.5)	(32.0, 1.0)	(33.0, 1.0)	(34.0, 1.75)	(35.0, 1.5)	(36.0, 2.25)	(37.0, 1.75)	(38.0, 2.0)	(39.0, 2.75)	(40.0, 6.25)	(41.0, 143.5)	(42.0, 1303.25)	(43.0, 147.25)	(44.0, 356.25)	(45.0, 8167.25)	(46.0, 3571.0)	(47.0, 1413.5)	(48.0, 16914.75)	(49.0, 1562.5)	(50.0, 77.0)	(51.0, 7.75)	(52.0, 7.0)	(53.0, 11.0)	(54.0, 6.5)	(55.0, 4.5)	(56.0, 7.0)	(57.0, 16.0)	(58.0, 110.5)	(59.0, 821.5)	(60.0, 7223.5)	(61.0, 1055.0)	(62.0, 3.25)	(63.0, 0.25)	(64.0, 0.0)	(65.0, 0.0)	(66.0, 0.25)	(67.0, 0.5)	(68.0, 0.75)	(69.0, 0.0)	(70.0, 0.0)	(71.0, 0.25)	(72.0, 0.25)	(73.0, 0.5)	(74.0, 0.5)	(75.0, 0.0)	(76.0, 0.0)	(77.0, 0.25)	(78.0, 0.0)	(79.0, 2.0)	(80.0, 35.5)	(81.0, 135.0)	(82.0, 91.25)	(83.0, 13.0)	(84.0, 73.25)	(85.0, 167.25)	(86.0, 19.25)	(87.0, 0.75)	(88.0, 0.25)	(89.0, 0.0)	(90.0, 0.25)	(91.0, 0.25)	(92.0, 0.0)	(93.0, 0.0)	(94.0, 0.0)	(95.0, 0.0)	(96.0, 0.0)	(97.0, 0.0)	(98.0, 0.0)	(99.0, 0.0)	(100.0, 0.0)
ST3Z_2	(0.0, 0.0)	(1.0, 0.0)	(2.0, 0.0)	(3.0, 0.0)	(4.0, 0.0)	(5.0, 0.0)	(6.0, 0.0)	(7.0, 0.0)	(8.0, 0.0)	(9.0, 0.0)	(10.0, 0.0)	(11.0, 0.0)	(12.0, 0.0)	(13.0, 0.0)	(14.0, 0.0)	(15.0, 0.0)	(16.0, 0.0)	(17.0, 0.0)	(18.0, 0.0)	(19.0, 0.0)	(20.0, 0.0)	(21.0, 0.0)	(22.0, 0.0)	(23.0, 0.5)	(24.0, 0.25)	(25.0, 0.0)	(26.0, 0.0)	(27.0, 0.25)	(28.0, 0.25)	(29.0, 0.5)	(30.0, 1.0)	(31.0, 0.5)	(32.0, 1.0)	(33.0, 2.75)	(34.0, 3.5)	(35.0, 5.5)	(36.0, 4.5)	(37.0, 4.0)	(38.0, 5.25)	(39.0, 14.0)	(40.0, 1311.5)	(41.0, 133.75)	(42.0, 14.0)	(43.0, 19.75)	(44.0, 26.75)	(45.0, 9604.75)	(46.0, 10498.0)	(47.0, 946.75)	(48.0, 12642.0)	(49.0, 4925.5)	(50.0, 501.25)	(51.0, 29.25)	(52.0, 11.25)	(53.0, 14.0)	(54.0, 9.0)	(55.0, 7.5)	(56.0, 5.0)	(57.0, 5.75)	(58.0, 16.75)	(59.0, 116.75)	(60.0, 539.0)	(61.0, 6932.0)	(62.0, 2013.0)	(63.0, 7.75)	(64.0, 5.5)	(65.0, 5.5)	(66.0, 5.75)	(67.0, 4.0)	(68.0, 4.25)	(69.0, 3.25)	(70.0, 2.5)	(71.0, 2.0)	(72.0, 1.5)	(73.0, 1.0)	(74.0, 1.5)	(75.0, 0.25)	(76.0, 0.25)	(77.0, 0.75)	(78.0, 3.75)	(79.0, 5.75)	(80.0, 193.0)	(81.0, 15.25)	(82.0, 7.5)	(83.0, 179.0)	(84.0, 164.0)	(85.0, 0.0)	(86.0, 0.25)	(87.0, 0.25)	(88.0, 0.0)	(89.0, 0.5)	(90.0, 0.5)	(91.0, 0.0)	(92.0, 0.0)	(93.0, 0.0)	(94.0, 0.25)	(95.0, 0.25)	(96.0, 0.0)	(97.0, 0.25)	(98.0, 2.0)	(99.0, 1.75)	(100.0, 329.6666666666654)
ST4D_1	(0.0, 0.0)	(1.0, 0.0)	(2.0, 0.0)	(3.0, 0.0)	(4.0, 0.0)	(5.0, 0.0)	(6.0, 0.0)	(7.0, 0.0)	(8.0, 0.0)	(9.0, 0.0)	(10.0, 0.0)	(11.0, 0.0)	(12.0, 0.0)	(13.0, 0.0)	(14.0, 0.0)	(15.0, 0.0)	(16.0, 0.0)	(17.0, 0.0)	(18.0, 0.0)	(19.0, 0.0)	(20.0, 0.0)	(21.0, 0.0)	(22.0, 0.0)	(23.0, 0.0)	(24.0, 0.0)	(25.0, 0.0)	(26.0, 0.0)	(27.0, 0.0)	(28.0, 0.0)	(29.0, 0.25)	(30.0, 0.25)	(31.0, 1.75)	(32.0, 0.75)	(33.0, 0.25)	(34.0, 0.5)	(35.0, 0.25)	(36.0, 1.5)	(37.0, 2.25)	(38.0, 3.25)	(39.0, 5.5)	(40.0, 10.75)	(41.0, 167.5)	(42.0, 1845.75)	(43.0, 199.0)	(44.0, 323.25)	(45.0, 6881.0)	(46.0, 4199.75)	(47.0, 1381.25)	(48.0, 15912.75)	(49.0, 1589.0)	(50.0, 72.75)	(51.0, 9.25)	(52.0, 5.75)	(53.0, 7.75)	(54.0, 5.5)	(55.0, 5.25)	(56.0, 5.0)	(57.0, 12.0)	(58.0, 111.5)	(59.0, 871.25)	(60.0, 7713.5)	(61.0, 1150.25)	(62.0, 5.75)	(63.0, 1.25)	(64.0, 1.25)	(65.0, 1.75)	(66.0, 4.0)	(67.0, 2.0)	(68.0, 0.0)	(69.0, 0.0)	(70.0, 0.5)	(71.0, 0.25)	(72.0, 0.0)	(73.0, 0.5)	(74.0, 1.75)	(75.0, 0.25)	(76.0, 0.25)	(77.0, 1.0)	(78.0, 2.75)	(79.0, 9.0)	(80.0, 42.0)	(81.0, 88.5)	(82.0, 26.75)	(83.0, 101.75)	(84.0, 354.75)	(85.0, 177.0)	(86.0, 10.25)	(87.0, 3.25)	(88.0, 0.0)	(89.0, 1.25)	(90.0, 2.5)	(91.0, 0.75)	(92.0, 0.25)	(93.0, 0.0)	(94.0, 0.0)	(95.0, 0.0)	(96.0, 0.0)	(97.0, 0.0)	(98.0, 0.0)	(99.0, 0.0)	(100.0, 0.0)
ST4D_2	(0.0, 0.0)	(1.0, 0.0)	(2.0, 0.0)	(3.0, 0.0)	(4.0, 0.0)	(5.0, 0.0)	(6.0, 0.0)	(7.0, 0.0)	(8.0, 0.0)	(9.0, 0.0)	(10.0, 0.0)	(11.0, 0.0)	(12.0, 0.0)	(13.0, 0.0)	(14.0, 0.0)	(15.0, 0.0)	(16.0, 0.0)	(17.0, 0.0)	(18.0, 0.0)	(19.0, 0.0)	(20.0, 0.0)	(21.0, 0.0)	(22.0, 0.0)	(23.0, 0.0)	(24.0, 0.25)	(25.0, 0.0)	(26.0, 0.0)	(27.0, 0.0)	(28.0, 0.0)	(29.0, 0.0)	(30.0, 0.5)	(31.0, 0.75)	(32.0, 0.75)	(33.0, 4.0)	(34.0, 3.75)	(35.0, 3.0)	(36.0, 3.25)	(37.0, 3.0)	(38.0, 9.0)	(39.0, 24.0)	(40.0, 1849.0)	(41.0, 187.0)	(42.0, 19.75)	(43.0, 22.5)	(44.0, 19.5)	(45.0, 9098.5)	(46.0, 9893.25)	(47.0, 883.75)	(48.0, 11719.5)	(49.0, 4850.75)	(50.0, 483.25)	(51.0, 31.5)	(52.0, 14.5)	(53.0, 15.5)	(54.0, 8.25)	(55.0, 8.0)	(56.0, 6.75)	(57.0, 9.25)	(58.0, 13.5)	(59.0, 123.0)	(60.0, 593.5)	(61.0, 7412.25)	(62.0, 2261.5)	(63.0, 13.0)	(64.0, 7.5)	(65.0, 7.0)	(66.0, 5.5)	(67.0, 5.5)	(68.0, 3.75)	(69.0, 5.25)	(70.0, 5.75)	(71.0, 1.75)	(72.0, 3.25)	(73.0, 2.25)	(74.0, 2.75)	(75.0, 1.25)	(76.0, 0.75)	(77.0, 1.5)	(78.0, 1.5)	(79.0, 1.75)	(80.0, 3.75)	(81.0, 115.5)	(82.0, 7.25)	(83.0, 13.25)	(84.0, 416.5)	(85.0, 397.75)	(86.0, 2.0)	(87.0, 0.5)	(88.0, 1.0)	(89.0, 0.25)	(90.0, 0.25)	(91.0, 0.25)	(92.0, 0.0)	(93.0, 0.0)	(94.0, 0.0)	(95.0, 0.0)	(96.0, 0.5)	(97.0, 0.5)	(98.0, 0.75)	(99.0, 3.75)	(100.0, 352.9999999999974)
ST4Q_1	(0.0, 0.0)	(1.0, 0.0)	(2.0, 0.0)	(3.0, 0.0)	(4.0, 0.0)	(5.0, 0.0)	(6.0, 0.0)	(7.0, 0.0)	(8.0, 0.0)	(9.0, 0.0)	(10.0, 0.0)	(11.0, 0.0)	(12.0, 0.0)	(13.0, 0.0)	(14.0, 0.0)	(15.0, 0.0)	(16.0, 0.0)	(17.0, 0.0)	(18.0, 0.0)	(19.0, 0.0)	(20.0, 0.0)	(21.0, 0.0)	(22.0, 0.0)	(23.0, 0.0)	(24.0, 0.0)	(25.0, 0.0)	(26.0, 0.25)	(27.0, 0.0)	(28.0, 0.0)	(29.0, 0.5)	(30.0, 1.0)	(31.0, 2.0)	(32.0, 1.0)	(33.0, 1.25)	(34.0, 1.5)	(35.0, 0.5)	(36.0, 1.0)	(37.0, 2.0)	(38.0, 2.75)	(39.0, 3.0)	(40.0, 5.5)	(41.0, 133.25)	(42.0, 1428.25)	(43.0, 166.25)	(44.0, 374.75)	(45.0, 7999.75)	(46.0, 4702.25)	(47.0, 1454.0)	(48.0, 17118.0)	(49.0, 1687.0)	(50.0, 79.25)	(51.0, 8.75)	(52.0, 5.75)	(53.0, 4.25)	(54.0, 2.75)	(55.0, 3.25)	(56.0, 3.75)	(57.0, 12.25)	(58.0, 100.5)	(59.0, 784.75)	(60.0, 7125.25)	(61.0, 997.25)	(62.0, 3.25)	(63.0, 1.0)	(64.0, 1.25)	(65.0, 0.0)	(66.0, 0.25)	(67.0, 0.5)	(68.0, 0.5)	(69.0, 0.0)	(70.0, 0.0)	(71.0, 0.0)	(72.0, 0.25)	(73.0, 0.5)	(74.0, 0.5)	(75.0, 0.0)	(76.0, 0.0)	(77.0, 0.75)	(78.0, 2.75)	(79.0, 3.75)	(80.0, 28.5)	(81.0, 179.25)	(82.0, 142.5)	(83.0, 14.5)	(84.0, 129.5)	(85.0, 567.5)	(86.0, 84.5)	(87.0, 2.25)	(88.0, 0.0)	(89.0, 0.25)	(90.0, 0.25)	(91.0, 2.0)	(92.0, 0.0)	(93.0, 0.0)	(94.0, 0.0)	(95.0, 0.0)	(96.0, 0.0)	(97.0, 0.0)	(98.0, 0.0)	(99.0, 0.25)	(100.0, 0.3333333333333333)
ST4Q_2	(0.0, 0.0)	(1.0, 0.0)	(2.0, 0.0)	(3.0, 0.0)	(4.0, 0.0)	(5.0, 0.0)	(6.0, 0.0)	(7.0, 0.0)	(8.0, 0.0)	(9.0, 0.0)	(10.0, 0.0)	(11.0, 0.0)	(12.0, 0.0)	(13.0, 0.0)	(14.0, 0.0)	(15.0, 0.0)	(16.0, 0.0)	(17.0, 0.25)	(18.0, 0.25)	(19.0, 0.0)	(20.0, 0.0)	(21.0, 0.25)	(22.0, 0.0)	(23.0, 0.25)	(24.0, 0.0)	(25.0, 0.5)	(26.0, 0.0)	(27.0, 0.5)	(28.0, 0.25)	(29.0, 0.75)	(30.0, 0.25)	(31.0, 1.0)	(32.0, 1.5)	(33.0, 1.5)	(34.0, 2.5)	(35.0, 3.5)	(36.0, 4.0)	(37.0, 3.5)	(38.0, 7.5)	(39.0, 14.25)	(40.0, 1436.25)	(41.0, 152.25)	(42.0, 11.75)	(43.0, 21.5)	(44.0, 25.25)	(45.0, 10497.25)	(46.0, 11404.0)	(47.0, 918.75)	(48.0, 11852.75)	(49.0, 5943.0)	(50.0, 599.75)	(51.0, 30.0)	(52.0, 11.75)	(53.0, 10.75)	(54.0, 7.75)	(55.0, 6.5)	(56.0, 8.25)	(57.0, 6.75)	(58.0, 13.0)	(59.0, 111.5)	(60.0, 554.75)	(61.0, 6851.75)	(62.0, 1995.0)	(63.0, 14.75)	(64.0, 6.0)	(65.0, 4.25)	(66.0, 6.75)	(67.0, 4.75)	(68.0, 3.25)	(69.0, 3.75)	(70.0, 3.5)	(71.0, 2.5)	(72.0, 2.0)	(73.0, 0.75)	(74.0, 1.75)	(75.0, 1.75)	(76.0, 3.5)	(77.0, 3.75)	(78.0, 2.25)	(79.0, 11.25)	(80.0, 252.5)	(81.0, 17.0)	(82.0, 18.0)	(83.0, 537.0)	(84.0, 500.25)	(85.0, 1.75)	(86.0, 0.0)	(87.0, 0.25)	(88.0, 0.25)	(89.0, 1.0)	(90.0, 0.5)	(91.0, 0.0)	(92.0, 0.0)	(93.0, 0.25)	(94.0, 0.25)	(95.0, 0.5)	(96.0, 0.5)	(97.0, 0.5)	(98.0, 1.0)	(99.0, 5.0)	(100.0, 355.6666666666639)
ST4Z_1	(0.0, 0.0)	(1.0, 0.0)	(2.0, 0.0)	(3.0, 0.0)	(4.0, 0.0)	(5.0, 0.0)	(6.0, 0.0)	(7.0, 0.0)	(8.0, 0.0)	(9.0, 0.0)	(10.0, 0.0)	(11.0, 0.0)	(12.0, 0.0)	(13.0, 0.0)	(14.0, 0.0)	(15.0, 0.0)	(16.0, 0.0)	(17.0, 0.0)	(18.0, 0.0)	(19.0, 0.0)	(20.0, 0.0)	(21.0, 0.0)	(22.0, 0.0)	(23.0, 0.0)	(24.0, 0.0)	(25.0, 0.0)	(26.0, 0.25)	(27.0, 0.5)	(28.0, 0.0)	(29.0, 0.0)	(30.0, 0.25)	(31.0, 2.0)	(32.0, 0.75)	(33.0, 0.5)	(34.0, 1.25)	(35.0, 1.0)	(36.0, 1.75)	(37.0, 2.25)	(38.0, 2.0)	(39.0, 3.25)	(40.0, 5.0)	(41.0, 155.25)	(42.0, 1326.75)	(43.0, 151.0)	(44.0, 371.25)	(45.0, 8791.0)	(46.0, 3829.25)	(47.0, 1563.75)	(48.0, 18849.75)	(49.0, 1738.0)	(50.0, 76.75)	(51.0, 9.0)	(52.0, 10.25)	(53.0, 7.0)	(54.0, 6.25)	(55.0, 3.25)	(56.0, 2.75)	(57.0, 12.0)	(58.0, 120.75)	(59.0, 907.25)	(60.0, 7786.5)	(61.0, 1148.0)	(62.0, 5.25)	(63.0, 1.75)	(64.0, 1.5)	(65.0, 1.5)	(66.0, 0.25)	(67.0, 1.0)	(68.0, 0.75)	(69.0, 0.0)	(70.0, 0.0)	(71.0, 0.25)	(72.0, 0.5)	(73.0, 0.25)	(74.0, 1.5)	(75.0, 0.25)	(76.0, 1.0)	(77.0, 0.5)	(78.0, 0.75)	(79.0, 2.25)	(80.0, 29.75)	(81.0, 170.75)	(82.0, 127.25)	(83.0, 9.75)	(84.0, 37.25)	(85.0, 138.0)	(86.0, 22.0)	(87.0, 1.25)	(88.0, 0.75)	(89.0, 0.25)	(90.0, 0.25)	(91.0, 0.25)	(92.0, 0.25)	(93.0, 0.0)	(94.0, 0.0)	(95.0, 0.0)	(96.0, 0.0)	(97.0, 0.0)	(98.0, 0.0)	(99.0, 0.0)	(100.0, 0.0)
ST4Z_2	(0.0, 0.0)	(1.0, 0.0)	(2.0, 0.0)	(3.0, 0.0)	(4.0, 0.0)	(5.0, 0.0)	(6.0, 0.0)	(7.0, 0.0)	(8.0, 0.0)	(9.0, 0.0)	(10.0, 0.0)	(11.0, 0.0)	(12.0, 0.0)	(13.0, 0.0)	(14.0, 0.0)	(15.0, 0.0)	(16.0, 0.0)	(17.0, 0.0)	(18.0, 0.0)	(19.0, 0.0)	(20.0, 0.0)	(21.0, 0.25)	(22.0, 0.25)	(23.0, 0.0)	(24.0, 0.25)	(25.0, 0.25)	(26.0, 0.5)	(27.0, 0.5)	(28.0, 0.25)	(29.0, 1.0)	(30.0, 1.0)	(31.0, 1.25)	(32.0, 3.5)	(33.0, 2.75)	(34.0, 3.25)	(35.0, 5.0)	(36.0, 3.0)	(37.0, 4.5)	(38.0, 6.0)	(39.0, 12.0)	(40.0, 1337.25)	(41.0, 132.25)	(42.0, 9.5)	(43.0, 16.5)	(44.0, 24.75)	(45.0, 10226.0)	(46.0, 11234.75)	(47.0, 1023.5)	(48.0, 14148.5)	(49.0, 5381.75)	(50.0, 543.25)	(51.0, 30.75)	(52.0, 16.5)	(53.0, 11.5)	(54.0, 9.0)	(55.0, 6.0)	(56.0, 9.0)	(57.0, 8.25)	(58.0, 13.5)	(59.0, 120.25)	(60.0, 594.75)	(61.0, 7426.0)	(62.0, 2156.25)	(63.0, 9.75)	(64.0, 7.75)	(65.0, 5.75)	(66.0, 3.0)	(67.0, 3.5)	(68.0, 4.75)	(69.0, 2.75)	(70.0, 2.5)	(71.0, 2.25)	(72.0, 2.25)	(73.0, 2.75)	(74.0, 0.75)	(75.0, 3.25)	(76.0, 2.25)	(77.0, 1.5)	(78.0, 2.0)	(79.0, 13.25)	(80.0, 90.75)	(81.0, 221.0)	(82.0, 3.75)	(83.0, 16.5)	(84.0, 151.75)	(85.0, 20.75)	(86.0, 0.0)	(87.0, 0.25)	(88.0, 0.25)	(89.0, 0.25)	(90.0, 0.25)	(91.0, 0.0)	(92.0, 0.0)	(93.0, 0.0)	(94.0, 0.0)	(95.0, 0.25)	(96.0, 0.25)	(97.0, 0.0)	(98.0, 1.25)	(99.0, 2.25)	(100.0, 555.3333333333266)
STD_1	(0.0, 0.0)	(1.0, 0.0)	(2.0, 0.0)	(3.0, 0.0)	(4.0, 0.0)	(5.0, 0.0)	(6.0, 0.0)	(7.0, 0.0)	(8.0, 0.0)	(9.0, 0.0)	(10.0, 0.0)	(11.0, 0.0)	(12.0, 0.0)	(13.0, 0.0)	(14.0, 0.0)	(15.0, 0.0)	(16.0, 0.0)	(17.0, 0.0)	(18.0, 0.0)	(19.0, 0.0)	(20.0, 0.0)	(21.0, 0.0)	(22.0, 0.0)	(23.0, 0.0)	(24.0, 0.25)	(25.0, 0.5)	(26.0, 0.25)	(27.0, 0.5)	(28.0, 0.5)	(29.0, 1.5)	(30.0, 0.5)	(31.0, 0.5)	(32.0, 0.5)	(33.0, 0.5)	(34.0, 1.0)	(35.0, 8.0)	(36.0, 105.75)	(37.0, 143.0)	(38.0, 65.75)	(39.0, 484.5)	(40.0, 540.75)	(41.0, 3410.75)	(42.0, 2246.5)	(43.0, 1494.5)	(44.0, 486.0)	(45.0, 1783.25)	(46.0, 1967.0)	(47.0, 1641.5)	(48.0, 1311.5)	(49.0, 1265.25)	(50.0, 878.75)	(51.0, 14519.5)	(52.0, 13250.0)	(53.0, 2141.0)	(54.0, 325.5)	(55.0, 116.25)	(56.0, 216.75)	(57.0, 434.25)	(58.0, 1082.75)	(59.0, 474.25)	(60.0, 112.0)	(61.0, 516.75)	(62.0, 152.25)	(63.0, 12.5)	(64.0, 20.25)	(65.0, 0.25)	(66.0, 0.75)	(67.0, 1.5)	(68.0, 0.5)	(69.0, 0.0)	(70.0, 0.0)	(71.0, 0.5)	(72.0, 1.0)	(73.0, 1.5)	(74.0, 0.5)	(75.0, 0.0)	(76.0, 0.0)	(77.0, 0.5)	(78.0, 0.75)	(79.0, 5.0)	(80.0, 29.5)	(81.0, 60.25)	(82.0, 9.75)	(83.0, 28.75)	(84.0, 119.75)	(85.0, 44.0)	(86.0, 2.25)	(87.0, 1.0)	(88.0, 0.5)	(89.0, 0.0)	(90.0, 0.0)	(91.0, 0.0)	(92.0, 0.0)	(93.0, 0.0)	(94.0, 0.0)	(95.0, 0.0)	(96.0, 0.0)	(97.0, 0.0)	(98.0, 0.0)	(99.0, 0.0)	(100.0, 0.0)
STD_2	(0.0, 0.0)	(1.0, 0.0)	(2.0, 0.0)	(3.0, 0.0)	(4.0, 0.0)	(5.0, 0.0)	(6.0, 0.0)	(7.0, 0.0)	(8.0, 0.0)	(9.0, 0.0)	(10.0, 0.0)	(11.0, 0.0)	(12.0, 0.0)	(13.0, 0.0)	(14.0, 0.0)	(15.0, 0.0)	(16.0, 0.0)	(17.0, 0.0)	(18.0, 0.0)	(19.0, 0.0)	(20.0, 0.0)	(21.0, 0.0)	(22.0, 0.0)	(23.0, 0.25)	(24.0, 0.25)	(25.0, 0.25)	(26.0, 0.0)	(27.0, 0.0)	(28.0, 0.0)	(29.0, 0.0)	(30.0, 0.5)	(31.0, 0.75)	(32.0, 1.0)	(33.0, 239.25)	(34.0, 342.75)	(35.0, 119.0)	(36.0, 164.25)	(37.0, 146.5)	(38.0, 45.75)	(39.0, 778.5)	(40.0, 3115.5)	(41.0, 3145.75)	(42.0, 2618.25)	(43.0, 2466.5)	(44.0, 546.25)	(45.0, 97.25)	(46.0, 2182.25)	(47.0, 2128.5)	(48.0, 671.25)	(49.0, 1912.25)	(50.0, 264.0)	(51.0, 12915.0)	(52.0, 12973.0)	(53.0, 3397.0)	(54.0, 210.5)	(55.0, 174.5)	(56.0, 278.0)	(57.0, 106.0)	(58.0, 706.5)	(59.0, 350.75)	(60.0, 750.5)	(61.0, 465.25)	(62.0, 442.75)	(63.0, 330.75)	(64.0, 143.25)	(65.0, 4.5)	(66.0, 21.75)	(67.0, 22.0)	(68.0, 2.5)	(69.0, 2.0)	(70.0, 2.5)	(71.0, 1.75)	(72.0, 3.5)	(73.0, 2.25)	(74.0, 1.0)	(75.0, 1.0)	(76.0, 1.5)	(77.0, 1.5)	(78.0, 2.25)	(79.0, 1.5)	(80.0, 71.75)	(81.0, 61.5)	(82.0, 2.25)	(83.0, 33.25)	(84.0, 130.25)	(85.0, 1.5)	(86.0, 0.0)	(87.0, 0.0)	(88.0, 0.25)	(89.0, 0.0)	(90.0, 0.0)	(91.0, 0.0)	(92.0, 0.25)	(93.0, 0.0)	(94.0, 0.25)	(95.0, 0.75)	(96.0, 0.25)	(97.0, 0.5)	(98.0, 0.5)	(99.0, 3.75)	(100.0, 356.99999999999716)
STQ_1	(0.0, 0.0)	(1.0, 0.0)	(2.0, 0.0)	(3.0, 0.0)	(4.0, 0.0)	(5.0, 0.0)	(6.0, 0.0)	(7.0, 0.0)	(8.0, 0.0)	(9.0, 0.0)	(10.0, 0.0)	(11.0, 0.0)	(12.0, 0.0)	(13.0, 0.0)	(14.0, 0.0)	(15.0, 0.0)	(16.0, 0.0)	(17.0, 0.0)	(18.0, 0.0)	(19.0, 0.0)	(20.0, 0.0)	(21.0, 0.0)	(22.0, 0.0)	(23.0, 0.0)	(24.0, 0.0)	(25.0, 0.25)	(26.0, 0.5)	(27.0, 0.25)	(28.0, 0.25)	(29.0, 0.5)	(30.0, 0.0)	(31.0, 0.25)	(32.0, 44.0)	(33.0, 284.5)	(34.0, 2.5)	(35.0, 4.25)	(36.0, 39.0)	(37.0, 40.0)	(38.0, 31.0)	(39.0, 356.0)	(40.0, 300.5)	(41.0, 2218.75)	(42.0, 1650.25)	(43.0, 1475.5)	(44.0, 1307.75)	(45.0, 3295.25)	(46.0, 868.25)	(47.0, 934.75)	(48.0, 1580.25)	(49.0, 3331.5)	(50.0, 1900.75)	(51.0, 8168.25)	(52.0, 7531.25)	(53.0, 1974.75)	(54.0, 167.25)	(55.0, 15.25)	(56.0, 1435.0)	(57.0, 4689.75)	(58.0, 3285.25)	(59.0, 466.0)	(60.0, 745.5)	(61.0, 316.0)	(62.0, 353.0)	(63.0, 4008.0)	(64.0, 1913.0)	(65.0, 1.0)	(66.0, 0.0)	(67.0, 2.0)	(68.0, 1.25)	(69.0, 0.0)	(70.0, 0.5)	(71.0, 0.75)	(72.0, 0.25)	(73.0, 1.25)	(74.0, 0.25)	(75.0, 0.0)	(76.0, 0.0)	(77.0, 0.75)	(78.0, 0.0)	(79.0, 1.75)	(80.0, 24.5)	(81.0, 27.75)	(82.0, 4.5)	(83.0, 10.75)	(84.0, 82.75)	(85.0, 33.5)	(86.0, 1.5)	(87.0, 0.5)	(88.0, 0.0)	(89.0, 0.0)	(90.0, 0.75)	(91.0, 0.25)	(92.0, 0.0)	(93.0, 0.0)	(94.0, 0.0)	(95.0, 0.0)	(96.0, 0.0)	(97.0, 0.0)	(98.0, 0.0)	(99.0, 0.0)	(100.0, 0.0)
STQ_2	(0.0, 0.0)	(1.0, 0.0)	(2.0, 0.0)	(3.0, 0.0)	(4.0, 0.0)	(5.0, 0.0)	(6.0, 0.0)	(7.0, 0.0)	(8.0, 0.0)	(9.0, 0.0)	(10.0, 0.0)	(11.0, 0.0)	(12.0, 0.0)	(13.0, 0.0)	(14.0, 0.0)	(15.0, 0.0)	(16.0, 0.0)	(17.0, 0.0)	(18.0, 0.0)	(19.0, 0.0)	(20.0, 0.0)	(21.0, 0.0)	(22.0, 0.0)	(23.0, 0.0)	(24.0, 0.0)	(25.0, 0.0)	(26.0, 0.25)	(27.0, 0.0)	(28.0, 0.25)	(29.0, 0.0)	(30.0, 0.0)	(31.0, 0.5)	(32.0, 0.5)	(33.0, 289.75)	(34.0, 355.25)	(35.0, 55.5)	(36.0, 41.0)	(37.0, 43.25)	(38.0, 294.0)	(39.0, 796.0)	(40.0, 1980.0)	(41.0, 2371.75)	(42.0, 1407.75)	(43.0, 1939.75)	(44.0, 608.75)	(45.0, 748.25)	(46.0, 2921.75)	(47.0, 1319.25)	(48.0, 1257.0)	(49.0, 1768.0)	(50.0, 1907.5)	(51.0, 7247.5)	(52.0, 7361.0)	(53.0, 2312.0)	(54.0, 123.75)	(55.0, 149.5)	(56.0, 739.75)	(57.0, 541.0)	(58.0, 4579.0)	(59.0, 830.75)	(60.0, 531.0)	(61.0, 502.0)	(62.0, 442.25)	(63.0, 22.5)	(64.0, 6.5)	(65.0, 7.0)	(66.0, 60.25)	(67.0, 3951.25)	(68.0, 2642.0)	(69.0, 5.25)	(70.0, 3.25)	(71.0, 4.0)	(72.0, 4.5)	(73.0, 2.5)	(74.0, 2.5)	(75.0, 1.5)	(76.0, 2.5)	(77.0, 1.25)	(78.0, 1.5)	(79.0, 15.25)	(80.0, 43.0)	(81.0, 1.5)	(82.0, 8.25)	(83.0, 97.5)	(84.0, 14.0)	(85.0, 0.5)	(86.0, 0.0)	(87.0, 0.75)	(88.0, 1.0)	(89.0, 0.0)	(90.0, 0.0)	(91.0, 0.25)	(92.0, 0.25)	(93.0, 0.25)	(94.0, 0.25)	(95.0, 0.5)	(96.0, 1.0)	(97.0, 0.75)	(98.0, 1.0)	(99.0, 3.25)	(100.0, 325.9999999999989)
STZ_1	(0.0, 0.0)	(1.0, 0.0)	(2.0, 0.0)	(3.0, 0.0)	(4.0, 0.0)	(5.0, 0.0)	(6.0, 0.0)	(7.0, 0.0)	(8.0, 0.0)	(9.0, 0.0)	(10.0, 0.0)	(11.0, 0.0)	(12.0, 0.0)	(13.0, 0.0)	(14.0, 0.0)	(15.0, 0.0)	(16.0, 0.0)	(17.0, 0.0)	(18.0, 0.0)	(19.0, 0.0)	(20.0, 0.0)	(21.0, 0.0)	(22.0, 0.0)	(23.0, 0.0)	(24.0, 0.0)	(25.0, 0.0)	(26.0, 0.0)	(27.0, 0.0)	(28.0, 0.0)	(29.0, 0.75)	(30.0, 0.25)	(31.0, 0.5)	(32.0, 0.0)	(33.0, 0.0)	(34.0, 0.25)	(35.0, 0.5)	(36.0, 5.25)	(37.0, 7.0)	(38.0, 3.5)	(39.0, 248.5)	(40.0, 630.25)	(41.0, 170.75)	(42.0, 3358.75)	(43.0, 2753.5)	(44.0, 1061.0)	(45.0, 102.5)	(46.0, 5.75)	(47.0, 231.25)	(48.0, 102.0)	(49.0, 3205.5)	(50.0, 827.5)	(51.0, 5452.75)	(52.0, 5471.75)	(53.0, 504.0)	(54.0, 251.75)	(55.0, 70.75)	(56.0, 284.75)	(57.0, 1366.5)	(58.0, 1965.75)	(59.0, 558.5)	(60.0, 29.0)	(61.0, 102.75)	(62.0, 2537.75)	(63.0, 8292.75)	(64.0, 1087.75)	(65.0, 2.25)	(66.0, 1.25)	(67.0, 1.25)	(68.0, 1.5)	(69.0, 3.5)	(70.0, 2.0)	(71.0, 0.25)	(72.0, 0.5)	(73.0, 0.5)	(74.0, 1.75)	(75.0, 0.0)	(76.0, 0.5)	(77.0, 0.25)	(78.0, 0.0)	(79.0, 1.0)	(80.0, 14.5)	(81.0, 77.75)	(82.0, 50.5)	(83.0, 15.25)	(84.0, 33.0)	(85.0, 75.75)	(86.0, 16.0)	(87.0, 1.5)	(88.0, 0.0)	(89.0, 0.0)	(90.0, 0.0)	(91.0, 0.0)	(92.0, 0.0)	(93.0, 0.0)	(94.0, 0.0)	(95.0, 0.0)	(96.0, 0.0)	(97.0, 0.0)	(98.0, 0.0)	(99.0, 0.0)	(100.0, 0.0)
STZ_2	(0.0, 0.0)	(1.0, 0.0)	(2.0, 0.0)	(3.0, 0.0)	(4.0, 0.0)	(5.0, 0.0)	(6.0, 0.0)	(7.0, 0.0)	(8.0, 0.0)	(9.0, 0.0)	(10.0, 0.0)	(11.0, 0.0)	(12.0, 0.0)	(13.0, 0.0)	(14.0, 0.0)	(15.0, 0.0)	(16.0, 0.0)	(17.0, 0.0)	(18.0, 0.0)	(19.0, 0.0)	(20.0, 0.0)	(21.0, 0.0)	(22.0, 0.0)	(23.0, 0.0)	(24.0, 0.25)	(25.0, 0.25)	(26.0, 0.25)	(27.0, 0.75)	(28.0, 0.75)	(29.0, 0.5)	(30.0, 0.25)	(31.0, 0.5)	(32.0, 3.25)	(33.0, 5.0)	(34.0, 4.75)	(35.0, 5.25)	(36.0, 9.5)	(37.0, 12.25)	(38.0, 10.0)	(39.0, 534.25)	(40.0, 1416.0)	(41.0, 55.25)	(42.0, 1048.75)	(43.0, 3760.25)	(44.0, 217.75)	(45.0, 19.25)	(46.0, 6.5)	(47.0, 103.25)	(48.0, 1364.5)	(49.0, 1456.0)	(50.0, 122.25)	(51.0, 5449.5)	(52.0, 5996.25)	(53.0, 810.25)	(54.0, 75.75)	(55.0, 89.75)	(56.0, 263.75)	(57.0, 81.25)	(58.0, 1791.5)	(59.0, 734.5)	(60.0, 264.75)	(61.0, 186.0)	(62.0, 37.0)	(63.0, 1499.25)	(64.0, 1457.5)	(65.0, 30.0)	(66.0, 547.25)	(67.0, 7647.5)	(68.0, 3733.25)	(69.0, 6.25)	(70.0, 5.0)	(71.0, 3.0)	(72.0, 5.5)	(73.0, 3.5)	(74.0, 4.5)	(75.0, 3.0)	(76.0, 2.25)	(77.0, 2.5)	(78.0, 2.25)	(79.0, 5.75)	(80.0, 111.75)	(81.0, 7.75)	(82.0, 4.0)	(83.0, 83.5)	(84.0, 73.0)	(85.0, 0.75)	(86.0, 1.0)	(87.0, 1.75)	(88.0, 0.5)	(89.0, 0.5)	(90.0, 0.5)	(91.0, 0.0)	(92.0, 0.25)	(93.0, 0.25)	(94.0, 0.75)	(95.0, 1.75)	(96.0, 1.0)	(97.0, 0.25)	(98.0, 1.0)	(99.0, 3.5)	(100.0, 248.66666666666936)
