Sample	0	1	2	3	4	5	6	7	8	9	10	11	12	13	14	15	16	17	18	19	20	21	22	23
1D_1	(18.0, 1.0)	(19.0, 1.0)	(20.0, 10.0)	(21.0, 9.0)	(22.0, 14.0)	(23.0, 17.0)	(24.0, 27.0)	(25.0, 40.0)	(26.0, 50.0)	(27.0, 62.0)	(28.0, 70.0)	(29.0, 94.0)	(30.0, 131.0)	(31.0, 177.0)	(32.0, 247.0)	(33.0, 303.0)	(34.0, 528.0)	(35.0, 1001.0)	(36.0, 2082.0)	(37.0, 25594.0)	(38.0, 68290.0)			
1D_2	(17.0, 6.0)	(18.0, 29.0)	(19.0, 87.0)	(20.0, 93.0)	(21.0, 91.0)	(22.0, 84.0)	(23.0, 78.0)	(24.0, 75.0)	(25.0, 75.0)	(26.0, 90.0)	(27.0, 74.0)	(28.0, 112.0)	(29.0, 107.0)	(30.0, 133.0)	(31.0, 188.0)	(32.0, 251.0)	(33.0, 293.0)	(34.0, 468.0)	(35.0, 941.0)	(36.0, 1971.0)	(37.0, 32201.0)	(38.0, 61301.0)		
1Q_1	(19.0, 3.0)	(20.0, 9.0)	(21.0, 14.0)	(22.0, 18.0)	(23.0, 31.0)	(24.0, 25.0)	(25.0, 57.0)	(26.0, 83.0)	(27.0, 107.0)	(28.0, 128.0)	(29.0, 151.0)	(30.0, 172.0)	(31.0, 229.0)	(32.0, 357.0)	(33.0, 487.0)	(34.0, 769.0)	(35.0, 1482.0)	(36.0, 4332.0)	(37.0, 37164.0)	(38.0, 108469.0)				
1Q_2	(17.0, 5.0)	(18.0, 29.0)	(19.0, 137.0)	(20.0, 148.0)	(21.0, 136.0)	(22.0, 126.0)	(23.0, 121.0)	(24.0, 113.0)	(25.0, 92.0)	(26.0, 111.0)	(27.0, 99.0)	(28.0, 151.0)	(29.0, 158.0)	(30.0, 186.0)	(31.0, 240.0)	(32.0, 287.0)	(33.0, 435.0)	(34.0, 656.0)	(35.0, 1306.0)	(36.0, 3034.0)	(37.0, 47993.0)	(38.0, 98524.0)		
1Z_1	(20.0, 6.0)	(21.0, 12.0)	(22.0, 20.0)	(23.0, 18.0)	(24.0, 14.0)	(25.0, 36.0)	(26.0, 66.0)	(27.0, 53.0)	(28.0, 73.0)	(29.0, 96.0)	(30.0, 134.0)	(31.0, 174.0)	(32.0, 248.0)	(33.0, 328.0)	(34.0, 553.0)	(35.0, 1029.0)	(36.0, 2481.0)	(37.0, 24360.0)	(38.0, 72029.0)					
1Z_2	(17.0, 7.0)	(18.0, 26.0)	(19.0, 80.0)	(20.0, 97.0)	(21.0, 111.0)	(22.0, 121.0)	(23.0, 93.0)	(24.0, 89.0)	(25.0, 88.0)	(26.0, 106.0)	(27.0, 101.0)	(28.0, 115.0)	(29.0, 157.0)	(30.0, 184.0)	(31.0, 197.0)	(32.0, 266.0)	(33.0, 369.0)	(34.0, 561.0)	(35.0, 1007.0)	(36.0, 2194.0)	(37.0, 32424.0)	(38.0, 63337.0)		
2D_1	(17.0, 1.0)	(18.0, 0.0)	(19.0, 0.0)	(20.0, 7.0)	(21.0, 8.0)	(22.0, 10.0)	(23.0, 20.0)	(24.0, 28.0)	(25.0, 39.0)	(26.0, 63.0)	(27.0, 96.0)	(28.0, 104.0)	(29.0, 131.0)	(30.0, 145.0)	(31.0, 204.0)	(32.0, 253.0)	(33.0, 384.0)	(34.0, 613.0)	(35.0, 1144.0)	(36.0, 5518.0)	(37.0, 28050.0)	(38.0, 82835.0)		
2D_2	(17.0, 4.0)	(18.0, 36.0)	(19.0, 94.0)	(20.0, 114.0)	(21.0, 116.0)	(22.0, 86.0)	(23.0, 96.0)	(24.0, 95.0)	(25.0, 92.0)	(26.0, 101.0)	(27.0, 131.0)	(28.0, 138.0)	(29.0, 160.0)	(30.0, 187.0)	(31.0, 222.0)	(32.0, 304.0)	(33.0, 391.0)	(34.0, 605.0)	(35.0, 1117.0)	(36.0, 2492.0)	(37.0, 40514.0)	(38.0, 72558.0)		
2Q_1	(17.0, 1.0)	(18.0, 2.0)	(19.0, 4.0)	(20.0, 7.0)	(21.0, 13.0)	(22.0, 16.0)	(23.0, 20.0)	(24.0, 29.0)	(25.0, 57.0)	(26.0, 69.0)	(27.0, 114.0)	(28.0, 105.0)	(29.0, 143.0)	(30.0, 180.0)	(31.0, 251.0)	(32.0, 347.0)	(33.0, 453.0)	(34.0, 815.0)	(35.0, 1526.0)	(36.0, 7716.0)	(37.0, 34979.0)	(38.0, 97545.0)		
2Q_2	(17.0, 5.0)	(18.0, 34.0)	(19.0, 123.0)	(20.0, 143.0)	(21.0, 116.0)	(22.0, 109.0)	(23.0, 107.0)	(24.0, 88.0)	(25.0, 97.0)	(26.0, 100.0)	(27.0, 101.0)	(28.0, 103.0)	(29.0, 136.0)	(30.0, 141.0)	(31.0, 190.0)	(32.0, 249.0)	(33.0, 392.0)	(34.0, 586.0)	(35.0, 1124.0)	(36.0, 2643.0)	(37.0, 46342.0)	(38.0, 91463.0)		
2Z_1	(19.0, 2.0)	(20.0, 4.0)	(21.0, 13.0)	(22.0, 15.0)	(23.0, 21.0)	(24.0, 27.0)	(25.0, 32.0)	(26.0, 58.0)	(27.0, 68.0)	(28.0, 98.0)	(29.0, 108.0)	(30.0, 132.0)	(31.0, 189.0)	(32.0, 302.0)	(33.0, 411.0)	(34.0, 662.0)	(35.0, 1187.0)	(36.0, 2363.0)	(37.0, 29354.0)	(38.0, 79031.0)				
2Z_2	(16.0, 1.0)	(17.0, 3.0)	(18.0, 32.0)	(19.0, 72.0)	(20.0, 137.0)	(21.0, 104.0)	(22.0, 79.0)	(23.0, 95.0)	(24.0, 87.0)	(25.0, 72.0)	(26.0, 90.0)	(27.0, 113.0)	(28.0, 131.0)	(29.0, 125.0)	(30.0, 187.0)	(31.0, 211.0)	(32.0, 288.0)	(33.0, 387.0)	(34.0, 586.0)	(35.0, 1058.0)	(36.0, 2337.0)	(37.0, 36149.0)	(38.0, 71733.0)	
3D_1	(18.0, 2.0)	(19.0, 4.0)	(20.0, 14.0)	(21.0, 12.0)	(22.0, 18.0)	(23.0, 19.0)	(24.0, 27.0)	(25.0, 51.0)	(26.0, 82.0)	(27.0, 78.0)	(28.0, 100.0)	(29.0, 137.0)	(30.0, 156.0)	(31.0, 219.0)	(32.0, 271.0)	(33.0, 446.0)	(34.0, 707.0)	(35.0, 1342.0)	(36.0, 5189.0)	(37.0, 32915.0)	(38.0, 98898.0)			
3D_2	(16.0, 1.0)	(17.0, 5.0)	(18.0, 31.0)	(19.0, 137.0)	(20.0, 132.0)	(21.0, 114.0)	(22.0, 114.0)	(23.0, 105.0)	(24.0, 87.0)	(25.0, 103.0)	(26.0, 94.0)	(27.0, 98.0)	(28.0, 153.0)	(29.0, 144.0)	(30.0, 196.0)	(31.0, 234.0)	(32.0, 302.0)	(33.0, 400.0)	(34.0, 648.0)	(35.0, 1166.0)	(36.0, 2737.0)	(37.0, 46027.0)	(38.0, 87659.0)	
3Q_1	(18.0, 1.0)	(19.0, 1.0)	(20.0, 4.0)	(21.0, 9.0)	(22.0, 21.0)	(23.0, 12.0)	(24.0, 21.0)	(25.0, 49.0)	(26.0, 75.0)	(27.0, 79.0)	(28.0, 87.0)	(29.0, 131.0)	(30.0, 143.0)	(31.0, 198.0)	(32.0, 291.0)	(33.0, 412.0)	(34.0, 681.0)	(35.0, 1261.0)	(36.0, 2729.0)	(37.0, 32332.0)	(38.0, 88537.0)			
3Q_2	(16.0, 3.0)	(17.0, 2.0)	(18.0, 30.0)	(19.0, 99.0)	(20.0, 160.0)	(21.0, 142.0)	(22.0, 127.0)	(23.0, 135.0)	(24.0, 111.0)	(25.0, 115.0)	(26.0, 117.0)	(27.0, 131.0)	(28.0, 165.0)	(29.0, 226.0)	(30.0, 255.0)	(31.0, 298.0)	(32.0, 348.0)	(33.0, 452.0)	(34.0, 806.0)	(35.0, 1272.0)	(36.0, 2818.0)	(37.0, 43694.0)	(38.0, 75568.0)	
3Z_1	(19.0, 4.0)	(20.0, 9.0)	(21.0, 18.0)	(22.0, 14.0)	(23.0, 13.0)	(24.0, 17.0)	(25.0, 63.0)	(26.0, 82.0)	(27.0, 101.0)	(28.0, 105.0)	(29.0, 128.0)	(30.0, 175.0)	(31.0, 182.0)	(32.0, 279.0)	(33.0, 412.0)	(34.0, 671.0)	(35.0, 1209.0)	(36.0, 2968.0)	(37.0, 30985.0)	(38.0, 94090.0)				
3Z_2	(16.0, 1.0)	(17.0, 3.0)	(18.0, 34.0)	(19.0, 127.0)	(20.0, 143.0)	(21.0, 102.0)	(22.0, 109.0)	(23.0, 94.0)	(24.0, 80.0)	(25.0, 87.0)	(26.0, 92.0)	(27.0, 104.0)	(28.0, 116.0)	(29.0, 130.0)	(30.0, 159.0)	(31.0, 180.0)	(32.0, 289.0)	(33.0, 348.0)	(34.0, 565.0)	(35.0, 1067.0)	(36.0, 2508.0)	(37.0, 41054.0)	(38.0, 84133.0)	
4D_1	(19.0, 3.0)	(20.0, 14.0)	(21.0, 15.0)	(22.0, 21.0)	(23.0, 21.0)	(24.0, 36.0)	(25.0, 49.0)	(26.0, 93.0)	(27.0, 96.0)	(28.0, 136.0)	(29.0, 128.0)	(30.0, 174.0)	(31.0, 241.0)	(32.0, 327.0)	(33.0, 513.0)	(34.0, 782.0)	(35.0, 3853.0)	(36.0, 7153.0)	(37.0, 34232.0)	(38.0, 96122.0)				
4D_2	(16.0, 1.0)	(17.0, 6.0)	(18.0, 29.0)	(19.0, 106.0)	(20.0, 148.0)	(21.0, 127.0)	(22.0, 112.0)	(23.0, 95.0)	(24.0, 94.0)	(25.0, 78.0)	(26.0, 74.0)	(27.0, 84.0)	(28.0, 106.0)	(29.0, 126.0)	(30.0, 166.0)	(31.0, 204.0)	(32.0, 267.0)	(33.0, 335.0)	(34.0, 559.0)	(35.0, 1118.0)	(36.0, 2622.0)	(37.0, 47901.0)	(38.0, 89651.0)	
4Q_1	(18.0, 1.0)	(19.0, 1.0)	(20.0, 9.0)	(21.0, 10.0)	(22.0, 12.0)	(23.0, 12.0)	(24.0, 17.0)	(25.0, 41.0)	(26.0, 53.0)	(27.0, 79.0)	(28.0, 93.0)	(29.0, 117.0)	(30.0, 134.0)	(31.0, 183.0)	(32.0, 237.0)	(33.0, 312.0)	(34.0, 524.0)	(35.0, 1084.0)	(36.0, 2328.0)	(37.0, 33157.0)	(38.0, 73778.0)			
4Q_2	(16.0, 1.0)	(17.0, 5.0)	(18.0, 29.0)	(19.0, 82.0)	(20.0, 109.0)	(21.0, 88.0)	(22.0, 92.0)	(23.0, 91.0)	(24.0, 96.0)	(25.0, 89.0)	(26.0, 79.0)	(27.0, 99.0)	(28.0, 100.0)	(29.0, 131.0)	(30.0, 172.0)	(31.0, 186.0)	(32.0, 271.0)	(33.0, 326.0)	(34.0, 549.0)	(35.0, 989.0)	(36.0, 2169.0)	(37.0, 40679.0)	(38.0, 65750.0)	
4Z_1	(18.0, 1.0)	(19.0, 3.0)	(20.0, 8.0)	(21.0, 17.0)	(22.0, 14.0)	(23.0, 30.0)	(24.0, 32.0)	(25.0, 51.0)	(26.0, 82.0)	(27.0, 92.0)	(28.0, 83.0)	(29.0, 113.0)	(30.0, 175.0)	(31.0, 195.0)	(32.0, 304.0)	(33.0, 416.0)	(34.0, 705.0)	(35.0, 1823.0)	(36.0, 3107.0)	(37.0, 29763.0)	(38.0, 86443.0)			
4Z_2	(16.0, 2.0)	(17.0, 5.0)	(18.0, 40.0)	(19.0, 131.0)	(20.0, 121.0)	(21.0, 141.0)	(22.0, 125.0)	(23.0, 117.0)	(24.0, 94.0)	(25.0, 97.0)	(26.0, 99.0)	(27.0, 109.0)	(28.0, 150.0)	(29.0, 170.0)	(30.0, 205.0)	(31.0, 208.0)	(32.0, 314.0)	(33.0, 407.0)	(34.0, 683.0)	(35.0, 1245.0)	(36.0, 2601.0)	(37.0, 39785.0)	(38.0, 76608.0)	
ST1D_1	(18.0, 2.0)	(19.0, 8.0)	(20.0, 11.0)	(21.0, 19.0)	(22.0, 20.0)	(23.0, 21.0)	(24.0, 37.0)	(25.0, 62.0)	(26.0, 68.0)	(27.0, 92.0)	(28.0, 100.0)	(29.0, 119.0)	(30.0, 162.0)	(31.0, 188.0)	(32.0, 286.0)	(33.0, 423.0)	(34.0, 646.0)	(35.0, 1150.0)	(36.0, 6227.0)	(37.0, 41552.0)	(38.0, 88093.0)			
ST1D_2	(16.0, 4.0)	(17.0, 7.0)	(18.0, 37.0)	(19.0, 84.0)	(20.0, 118.0)	(21.0, 115.0)	(22.0, 135.0)	(23.0, 105.0)	(24.0, 93.0)	(25.0, 133.0)	(26.0, 132.0)	(27.0, 134.0)	(28.0, 155.0)	(29.0, 152.0)	(30.0, 216.0)	(31.0, 255.0)	(32.0, 333.0)	(33.0, 422.0)	(34.0, 592.0)	(35.0, 1105.0)	(36.0, 2445.0)	(37.0, 49242.0)	(38.0, 83272.0)	
ST1Q_1	(19.0, 5.0)	(20.0, 11.0)	(21.0, 14.0)	(22.0, 15.0)	(23.0, 15.0)	(24.0, 31.0)	(25.0, 54.0)	(26.0, 71.0)	(27.0, 56.0)	(28.0, 66.0)	(29.0, 95.0)	(30.0, 140.0)	(31.0, 170.0)	(32.0, 237.0)	(33.0, 315.0)	(34.0, 484.0)	(35.0, 953.0)	(36.0, 4554.0)	(37.0, 40163.0)	(38.0, 92122.0)				
ST1Q_2	(16.0, 2.0)	(17.0, 6.0)	(18.0, 24.0)	(19.0, 80.0)	(20.0, 102.0)	(21.0, 98.0)	(22.0, 107.0)	(23.0, 75.0)	(24.0, 88.0)	(25.0, 87.0)	(26.0, 84.0)	(27.0, 92.0)	(28.0, 132.0)	(29.0, 131.0)	(30.0, 172.0)	(31.0, 210.0)	(32.0, 247.0)	(33.0, 327.0)	(34.0, 474.0)	(35.0, 938.0)	(36.0, 2096.0)	(37.0, 47754.0)	(38.0, 86245.0)	
ST1Z_1	(18.0, 2.0)	(19.0, 2.0)	(20.0, 15.0)	(21.0, 18.0)	(22.0, 16.0)	(23.0, 25.0)	(24.0, 30.0)	(25.0, 57.0)	(26.0, 74.0)	(27.0, 68.0)	(28.0, 104.0)	(29.0, 119.0)	(30.0, 157.0)	(31.0, 204.0)	(32.0, 295.0)	(33.0, 402.0)	(34.0, 636.0)	(35.0, 1203.0)	(36.0, 3282.0)	(37.0, 41214.0)	(38.0, 87937.0)			
ST1Z_2	(16.0, 1.0)	(17.0, 13.0)	(18.0, 40.0)	(19.0, 92.0)	(20.0, 154.0)	(21.0, 156.0)	(22.0, 153.0)	(23.0, 169.0)	(24.0, 161.0)	(25.0, 179.0)	(26.0, 183.0)	(27.0, 186.0)	(28.0, 231.0)	(29.0, 280.0)	(30.0, 297.0)	(31.0, 363.0)	(32.0, 425.0)	(33.0, 620.0)	(34.0, 861.0)	(35.0, 1513.0)	(36.0, 3139.0)	(37.0, 49381.0)	(38.0, 77263.0)	
ST2D_1	(18.0, 3.0)	(19.0, 8.0)	(20.0, 11.0)	(21.0, 13.0)	(22.0, 28.0)	(23.0, 28.0)	(24.0, 36.0)	(25.0, 51.0)	(26.0, 111.0)	(27.0, 93.0)	(28.0, 117.0)	(29.0, 148.0)	(30.0, 169.0)	(31.0, 194.0)	(32.0, 242.0)	(33.0, 380.0)	(34.0, 658.0)	(35.0, 4056.0)	(36.0, 2745.0)	(37.0, 43250.0)	(38.0, 89057.0)			
ST2D_2	(16.0, 1.0)	(17.0, 5.0)	(18.0, 30.0)	(19.0, 112.0)	(20.0, 124.0)	(21.0, 82.0)	(22.0, 97.0)	(23.0, 97.0)	(24.0, 98.0)	(25.0, 83.0)	(26.0, 103.0)	(27.0, 104.0)	(28.0, 111.0)	(29.0, 132.0)	(30.0, 152.0)	(31.0, 169.0)	(32.0, 258.0)	(33.0, 331.0)	(34.0, 475.0)	(35.0, 877.0)	(36.0, 2146.0)	(37.0, 47382.0)	(38.0, 88429.0)	
ST2Q_1	(18.0, 2.0)	(19.0, 4.0)	(20.0, 18.0)	(21.0, 11.0)	(22.0, 12.0)	(23.0, 19.0)	(24.0, 34.0)	(25.0, 51.0)	(26.0, 77.0)	(27.0, 84.0)	(28.0, 96.0)	(29.0, 97.0)	(30.0, 134.0)	(31.0, 162.0)	(32.0, 224.0)	(33.0, 330.0)	(34.0, 587.0)	(35.0, 2729.0)	(36.0, 4192.0)	(37.0, 36012.0)	(38.0, 80373.0)			
ST2Q_2	(15.0, 1.0)	(16.0, 0.0)	(17.0, 7.0)	(18.0, 16.0)	(19.0, 79.0)	(20.0, 104.0)	(21.0, 93.0)	(22.0, 91.0)	(23.0, 90.0)	(24.0, 79.0)	(25.0, 85.0)	(26.0, 86.0)	(27.0, 95.0)	(28.0, 117.0)	(29.0, 141.0)	(30.0, 166.0)	(31.0, 179.0)	(32.0, 262.0)	(33.0, 331.0)	(34.0, 494.0)	(35.0, 854.0)	(36.0, 2014.0)	(37.0, 42405.0)	(38.0, 77459.0)
ST2Z_1	(18.0, 3.0)	(19.0, 9.0)	(20.0, 12.0)	(21.0, 14.0)	(22.0, 10.0)	(23.0, 23.0)	(24.0, 27.0)	(25.0, 54.0)	(26.0, 72.0)	(27.0, 69.0)	(28.0, 89.0)	(29.0, 103.0)	(30.0, 126.0)	(31.0, 155.0)	(32.0, 248.0)	(33.0, 340.0)	(34.0, 541.0)	(35.0, 1018.0)	(36.0, 3502.0)	(37.0, 37266.0)	(38.0, 82444.0)			
ST2Z_2	(16.0, 1.0)	(17.0, 6.0)	(18.0, 18.0)	(19.0, 80.0)	(20.0, 117.0)	(21.0, 98.0)	(22.0, 106.0)	(23.0, 102.0)	(24.0, 94.0)	(25.0, 99.0)	(26.0, 106.0)	(27.0, 115.0)	(28.0, 114.0)	(29.0, 122.0)	(30.0, 175.0)	(31.0, 202.0)	(32.0, 257.0)	(33.0, 390.0)	(34.0, 544.0)	(35.0, 945.0)	(36.0, 2142.0)	(37.0, 42309.0)	(38.0, 77983.0)	
ST3D_1	(17.0, 1.0)	(18.0, 1.0)	(19.0, 10.0)	(20.0, 18.0)	(21.0, 18.0)	(22.0, 11.0)	(23.0, 22.0)	(24.0, 40.0)	(25.0, 52.0)	(26.0, 82.0)	(27.0, 92.0)	(28.0, 113.0)	(29.0, 117.0)	(30.0, 157.0)	(31.0, 177.0)	(32.0, 280.0)	(33.0, 385.0)	(34.0, 579.0)	(35.0, 1101.0)	(36.0, 5337.0)	(37.0, 44851.0)	(38.0, 95677.0)		
ST3D_2	(16.0, 1.0)	(17.0, 3.0)	(18.0, 23.0)	(19.0, 79.0)	(20.0, 131.0)	(21.0, 109.0)	(22.0, 96.0)	(23.0, 89.0)	(24.0, 112.0)	(25.0, 101.0)	(26.0, 89.0)	(27.0, 108.0)	(28.0, 128.0)	(29.0, 135.0)	(30.0, 155.0)	(31.0, 197.0)	(32.0, 258.0)	(33.0, 364.0)	(34.0, 527.0)	(35.0, 989.0)	(36.0, 2267.0)	(37.0, 51077.0)	(38.0, 92083.0)	
ST3Q_1	(17.0, 1.0)	(18.0, 2.0)	(19.0, 2.0)	(20.0, 6.0)	(21.0, 9.0)	(22.0, 14.0)	(23.0, 14.0)	(24.0, 23.0)	(25.0, 31.0)	(26.0, 62.0)	(27.0, 73.0)	(28.0, 91.0)	(29.0, 124.0)	(30.0, 134.0)	(31.0, 184.0)	(32.0, 261.0)	(33.0, 379.0)	(34.0, 594.0)	(35.0, 4324.0)	(36.0, 2751.0)	(37.0, 38210.0)	(38.0, 86624.0)		
ST3Q_2	(16.0, 1.0)	(17.0, 8.0)	(18.0, 31.0)	(19.0, 94.0)	(20.0, 138.0)	(21.0, 102.0)	(22.0, 130.0)	(23.0, 99.0)	(24.0, 129.0)	(25.0, 120.0)	(26.0, 120.0)	(27.0, 165.0)	(28.0, 136.0)	(29.0, 202.0)	(30.0, 226.0)	(31.0, 254.0)	(32.0, 380.0)	(33.0, 472.0)	(34.0, 706.0)	(35.0, 1235.0)	(36.0, 2503.0)	(37.0, 48135.0)	(38.0, 78527.0)	
ST3Z_1	(18.0, 2.0)	(19.0, 6.0)	(20.0, 15.0)	(21.0, 17.0)	(22.0, 15.0)	(23.0, 20.0)	(24.0, 29.0)	(25.0, 65.0)	(26.0, 86.0)	(27.0, 107.0)	(28.0, 134.0)	(29.0, 138.0)	(30.0, 178.0)	(31.0, 253.0)	(32.0, 316.0)	(33.0, 457.0)	(34.0, 749.0)	(35.0, 1386.0)	(36.0, 4183.0)	(37.0, 48247.0)	(38.0, 97336.0)			
ST3Z_2	(16.0, 2.0)	(17.0, 5.0)	(18.0, 30.0)	(19.0, 114.0)	(20.0, 119.0)	(21.0, 134.0)	(22.0, 107.0)	(23.0, 107.0)	(24.0, 112.0)	(25.0, 92.0)	(26.0, 124.0)	(27.0, 104.0)	(28.0, 167.0)	(29.0, 178.0)	(30.0, 194.0)	(31.0, 247.0)	(32.0, 290.0)	(33.0, 409.0)	(34.0, 677.0)	(35.0, 1082.0)	(36.0, 2653.0)	(37.0, 50827.0)	(38.0, 95965.0)	
ST4D_1	(18.0, 3.0)	(19.0, 7.0)	(20.0, 13.0)	(21.0, 19.0)	(22.0, 14.0)	(23.0, 16.0)	(24.0, 30.0)	(25.0, 65.0)	(26.0, 81.0)	(27.0, 121.0)	(28.0, 119.0)	(29.0, 119.0)	(30.0, 181.0)	(31.0, 221.0)	(32.0, 303.0)	(33.0, 415.0)	(34.0, 667.0)	(35.0, 3204.0)	(36.0, 3046.0)	(37.0, 46957.0)	(38.0, 97029.0)			
ST4D_2	(17.0, 6.0)	(18.0, 35.0)	(19.0, 99.0)	(20.0, 163.0)	(21.0, 131.0)	(22.0, 160.0)	(23.0, 128.0)	(24.0, 105.0)	(25.0, 133.0)	(26.0, 125.0)	(27.0, 128.0)	(28.0, 167.0)	(29.0, 174.0)	(30.0, 206.0)	(31.0, 252.0)	(32.0, 369.0)	(33.0, 512.0)	(34.0, 658.0)	(35.0, 1305.0)	(36.0, 2792.0)	(37.0, 53773.0)	(38.0, 91209.0)		
ST4Q_1	(18.0, 1.0)	(19.0, 2.0)	(20.0, 13.0)	(21.0, 14.0)	(22.0, 17.0)	(23.0, 30.0)	(24.0, 33.0)	(25.0, 68.0)	(26.0, 79.0)	(27.0, 98.0)	(28.0, 119.0)	(29.0, 152.0)	(30.0, 152.0)	(31.0, 231.0)	(32.0, 316.0)	(33.0, 488.0)	(34.0, 693.0)	(35.0, 1329.0)	(36.0, 6178.0)	(37.0, 47415.0)	(38.0, 103327.0)			
ST4Q_2	(16.0, 2.0)	(17.0, 8.0)	(18.0, 29.0)	(19.0, 107.0)	(20.0, 136.0)	(21.0, 141.0)	(22.0, 122.0)	(23.0, 114.0)	(24.0, 116.0)	(25.0, 131.0)	(26.0, 117.0)	(27.0, 139.0)	(28.0, 158.0)	(29.0, 190.0)	(30.0, 247.0)	(31.0, 266.0)	(32.0, 342.0)	(33.0, 507.0)	(34.0, 702.0)	(35.0, 1238.0)	(36.0, 2858.0)	(37.0, 57216.0)	(38.0, 95869.0)	
ST4Z_1	(17.0, 1.0)	(18.0, 1.0)	(19.0, 4.0)	(20.0, 19.0)	(21.0, 18.0)	(22.0, 19.0)	(23.0, 24.0)	(24.0, 30.0)	(25.0, 86.0)	(26.0, 80.0)	(27.0, 97.0)	(28.0, 103.0)	(29.0, 130.0)	(30.0, 183.0)	(31.0, 164.0)	(32.0, 297.0)	(33.0, 407.0)	(34.0, 610.0)	(35.0, 1263.0)	(36.0, 4009.0)	(37.0, 48210.0)	(38.0, 111928.0)		
ST4Z_2	(17.0, 4.0)	(18.0, 35.0)	(19.0, 113.0)	(20.0, 134.0)	(21.0, 130.0)	(22.0, 104.0)	(23.0, 109.0)	(24.0, 103.0)	(25.0, 102.0)	(26.0, 121.0)	(27.0, 123.0)	(28.0, 129.0)	(29.0, 139.0)	(30.0, 186.0)	(31.0, 230.0)	(32.0, 268.0)	(33.0, 383.0)	(34.0, 560.0)	(35.0, 1000.0)	(36.0, 2457.0)	(37.0, 54414.0)	(38.0, 106839.0)		
STD_1	(17.0, 2.0)	(18.0, 2.0)	(19.0, 11.0)	(20.0, 26.0)	(21.0, 24.0)	(22.0, 22.0)	(23.0, 22.0)	(24.0, 38.0)	(25.0, 42.0)	(26.0, 56.0)	(27.0, 70.0)	(28.0, 101.0)	(29.0, 96.0)	(30.0, 134.0)	(31.0, 178.0)	(32.0, 234.0)	(33.0, 351.0)	(34.0, 605.0)	(35.0, 1287.0)	(36.0, 3227.0)	(37.0, 61900.0)	(38.0, 70661.0)		
STD_2	(17.0, 6.0)	(18.0, 26.0)	(19.0, 92.0)	(20.0, 103.0)	(21.0, 93.0)	(22.0, 91.0)	(23.0, 86.0)	(24.0, 84.0)	(25.0, 83.0)	(26.0, 106.0)	(27.0, 118.0)	(28.0, 104.0)	(29.0, 147.0)	(30.0, 152.0)	(31.0, 181.0)	(32.0, 312.0)	(33.0, 407.0)	(34.0, 579.0)	(35.0, 1101.0)	(36.0, 2722.0)	(37.0, 46315.0)	(38.0, 86181.0)		
STQ_1	(18.0, 3.0)	(19.0, 6.0)	(20.0, 11.0)	(21.0, 19.0)	(22.0, 34.0)	(23.0, 25.0)	(24.0, 32.0)	(25.0, 45.0)	(26.0, 56.0)	(27.0, 80.0)	(28.0, 73.0)	(29.0, 112.0)	(30.0, 157.0)	(31.0, 181.0)	(32.0, 237.0)	(33.0, 321.0)	(34.0, 478.0)	(35.0, 1016.0)	(36.0, 2845.0)	(37.0, 55018.0)	(38.0, 85856.0)			
STQ_2	(16.0, 1.0)	(17.0, 5.0)	(18.0, 15.0)	(19.0, 65.0)	(20.0, 109.0)	(21.0, 102.0)	(22.0, 83.0)	(23.0, 108.0)	(24.0, 137.0)	(25.0, 101.0)	(26.0, 88.0)	(27.0, 109.0)	(28.0, 130.0)	(29.0, 133.0)	(30.0, 182.0)	(31.0, 186.0)	(32.0, 262.0)	(33.0, 399.0)	(34.0, 593.0)	(35.0, 1070.0)	(36.0, 2663.0)	(37.0, 58612.0)	(38.0, 81452.0)	
STZ_1	(18.0, 2.0)	(19.0, 10.0)	(20.0, 16.0)	(21.0, 15.0)	(22.0, 16.0)	(23.0, 26.0)	(24.0, 42.0)	(25.0, 44.0)	(26.0, 58.0)	(27.0, 70.0)	(28.0, 119.0)	(29.0, 112.0)	(30.0, 115.0)	(31.0, 135.0)	(32.0, 252.0)	(33.0, 350.0)	(34.0, 546.0)	(35.0, 1626.0)	(36.0, 2285.0)	(37.0, 43393.0)	(38.0, 62363.0)			
STZ_2	(17.0, 5.0)	(18.0, 20.0)	(19.0, 63.0)	(20.0, 97.0)	(21.0, 100.0)	(22.0, 106.0)	(23.0, 100.0)	(24.0, 105.0)	(25.0, 93.0)	(26.0, 90.0)	(27.0, 96.0)	(28.0, 96.0)	(29.0, 130.0)	(30.0, 158.0)	(31.0, 187.0)	(32.0, 297.0)	(33.0, 407.0)	(34.0, 525.0)	(35.0, 907.0)	(36.0, 2116.0)	(37.0, 45877.0)	(38.0, 60020.0)		
