Sample	0	1	2	3	4	5	6	7	8	9	10	11	12	13	14	15
1D_1	(1.0, 0.686596184226516)	(2.0, 0.3787418479361607)	(3.0, 0.27342325920524974)	(4.0, 0.25924575687608864)	(5.0, 0.1974723538704581)	(6.0, 0.20658646251063315)	(7.0, 0.1630412767853526)	(8.0, 0.17013002794993318)	(9.0, 0.12759752096244986)	('>10', 2.0202940819054565)	('>50', 1.8025681532790538)	('>100', 2.637015433223964)	('>500', 1.491675780775307)	('>1k', 0.0)	('>5k', 0.0)	('>10k+', 89.58561186049337)
1D_2	(1.0, 0.7848260217928464)	(2.0, 0.27544861668084414)	(3.0, 0.2248146797909831)	(4.0, 0.15392716814517762)	(5.0, 0.19240896018147205)	(6.0, 0.1762061003767165)	(7.0, 0.17721877911451372)	(8.0, 0.09721715882853323)	(9.0, 0.10936930368209989)	('>10', 1.639526876493701)	('>50', 0.5174788350143801)	('>100', 1.07141410458946)	('>500', 0.7868513792684408)	('>1k', 1.0977437517721877)	('>5k', 5.727710940981083)	('>10k+', 86.96783732328755)
1Q_1	(1.0, 0.4413091305561144)	(2.0, 0.2531037660542421)	(3.0, 0.23558119763510224)	(4.0, 0.18431146040873014)	(5.0, 0.13304172318235802)	(6.0, 0.16743787600511398)	(7.0, 0.1680868600206377)	(8.0, 0.08826182611122288)	(9.0, 0.0817719859559859)	('>10', 1.9411111904313796)	('>50', 1.328470279777009)	('>100', 1.8431146040873012)	('>500', 2.3746325128012096)	('>1k', 0.0)	('>5k', 0.0)	('>10k+', 90.7597655869736)
1Q_2	(1.0, 0.6347063671821763)	(2.0, 0.1933972366260619)	(3.0, 0.1577031157722585)	(4.0, 0.11681712279426558)	(5.0, 0.13304172318235802)	(6.0, 0.12071102688740777)	(7.0, 0.1590010838033059)	(8.0, 0.10383744248379162)	(9.0, 0.10513541051483902)	('>10', 1.5549657011947795)	('>50', 0.3621330806622233)	('>100', 1.1220933628404732)	('>500', 0.5101014362016263)	('>1k', 0.8112300194046221)	('>5k', 4.1632324595845205)	('>10k+', 89.75189341086529)
1Z_1	(1.0, 0.5268848913791409)	(2.0, 0.27917035289491793)	(3.0, 0.25361250368622823)	(4.0, 0.1808709328614961)	(5.0, 0.21625872407352795)	(6.0, 0.13565319964612207)	(7.0, 0.12385726924211146)	(8.0, 0.1415511648481274)	(9.0, 0.1680920082571513)	('>10', 2.222549886955667)	('>50', 1.1117664405780006)	('>100', 2.6088666076870144)	('>500', 0.5475277695861595)	('>1k', 0.0)	('>5k', 0.0)	('>10k+', 91.48333824830434)
1Z_2	(1.0, 0.6920279170352894)	(2.0, 0.2280546544775386)	(3.0, 0.21527572987319377)	(4.0, 0.184802909662833)	(5.0, 0.13761918804679052)	(6.0, 0.10616337363609554)	(7.0, 0.10321439103509289)	(8.0, 0.1415511648481274)	(9.0, 0.12385726924211146)	('>10', 1.3260591762508602)	('>50', 0.4393984075493955)	('>100', 0.937776467118844)	('>500', 0.8099872210753957)	('>1k', 4.37432419148727)	('>5k', 8.733903469969526)	('>10k+', 81.44598446869163)
2D_1	(1.0, 0.6552280343994717)	(2.0, 0.32259951693647465)	(3.0, 0.24821776303143253)	(4.0, 0.23066701211001814)	(5.0, 0.23818876250491003)	(6.0, 0.18553650974066677)	(7.0, 0.14040600737131537)	(8.0, 0.07354600386116521)	(9.0, 0.15043500789783792)	('>10', 2.072660108814656)	('>50', 1.3321855699397425)	('>100', 3.195072417741302)	('>500', 1.3129633189305743)	('>1k', 1.0948325574787092)	('>5k', 0.0)	('>10k+', 88.74746140924172)
2D_2	(1.0, 0.7446532890942977)	(2.0, 0.25573951342632445)	(3.0, 0.1880437598722974)	(4.0, 0.16046400842436043)	(5.0, 0.20475876074983493)	(6.0, 0.13037700684479286)	(7.0, 0.13455575706417724)	(8.0, 0.08691800456319525)	(9.0, 0.12786975671316222)	('>10', 1.6389058360425564)	('>50', 0.5332085279934476)	('>100', 0.9143105480013038)	('>500', 0.7780832908493728)	('>1k', 2.1403558623686827)	('>5k', 6.203772575698061)	('>10k+', 85.75798350229414)
2Q_1	(1.0, 0.5672059393872237)	(2.0, 0.30472602360241563)	(3.0, 0.28464180841043824)	(4.0, 0.21607845309989474)	(5.0, 0.1766025818604909)	(6.0, 0.1828356141614494)	(7.0, 0.10180619424898886)	(8.0, 0.14405230206659647)	(9.0, 0.14959277522300404)	('>10', 2.027120616100615)	('>50', 1.3241730843814061)	('>100', 2.5596985982602916)	('>500', 1.724472269931852)	('>1k', 1.779877001495928)	('>5k', 0.0)	('>10k+', 88.4571167377694)
2Q_2	(1.0, 0.688403789683639)	(2.0, 0.21884868967809853)	(3.0, 0.20984542079893623)	(4.0, 0.14682253864480027)	(5.0, 0.13851182891018893)	(6.0, 0.14543742035569837)	(7.0, 0.08241453820156242)	(8.0, 0.09972851681533602)	(9.0, 0.12466064601917004)	('>10', 1.4758435370380631)	('>50', 0.3538977228655327)	('>100', 1.9204665078397694)	('>500', 0.0)	('>1k', 2.6808964485567066)	('>5k', 4.370740761261012)	('>10k+', 87.34348163333149)
2Z_1	(1.0, 0.5285903381049643)	(2.0, 0.285771890915785)	(3.0, 0.19460539810829527)	(4.0, 0.19986500346257352)	(5.0, 0.17970318293784024)	(6.0, 0.18934579275401703)	(7.0, 0.15954136241310693)	(8.0, 0.16129456419786636)	(9.0, 0.07100467228275638)	('>10', 2.010922447119051)	('>50', 1.3771400019285218)	('>100', 2.642951690524821)	('>500', 0.5136881229345092)	('>1k', 0.0)	('>5k', 0.0)	('>10k+', 91.48557553231589)
2Z_2	(1.0, 0.6749826871323755)	(2.0, 0.21038421417113)	(3.0, 0.21301401684826912)	(4.0, 0.16830737133690402)	(5.0, 0.13149013385695626)	(6.0, 0.14200934456551276)	(7.0, 0.11045171243984327)	(8.0, 0.07012807139037668)	(9.0, 0.06311526425133901)	('>10', 1.5498303777273246)	('>50', 0.3129465185795559)	('>100', 1.1799048011430875)	('>500', 0.7924472067112563)	('>1k', 0.0)	('>5k', 5.285903381049642)	('>10k+', 89.09508489879643)
3D_1	(1.0, 0.5657949917192064)	(2.0, 0.2956918549688315)	(3.0, 0.25375478899969434)	(4.0, 0.1904937911818434)	(5.0, 0.1741454434311628)	(6.0, 0.17485624115945325)	(7.0, 0.179121027529196)	(8.0, 0.10804125470014998)	(9.0, 0.12794359109228287)	('>10', 2.0869021302607917)	('>50', 1.479170072572448)	('>100', 2.405339512534918)	('>500', 1.8160881957821264)	('>1k', 0.7761911192931827)	('>5k', 0.0)	('>10k+', 89.3664659847747)
3D_2	(1.0, 0.6852090100720039)	(2.0, 0.2388280367055947)	(3.0, 0.17698863434432463)	(4.0, 0.14500273657125393)	(5.0, 0.1386055570166398)	(6.0, 0.09809008650408352)	(7.0, 0.1741454434311628)	(8.0, 0.12510040017912102)	(9.0, 0.07036897510075558)	('>10', 1.6867230092332623)	('>50', 0.6503799213857712)	('>100', 0.9688173036598975)	('>500', 0.4776560734111894)	('>1k', 1.6803258296786483)	('>5k', 5.396376353181175)	('>10k+', 87.28738262952511)
3Q_1	(1.0, 0.5791900782221383)	(2.0, 0.322646646835702)	(3.0, 0.26205203267387506)	(4.0, 0.22663959582605414)	(5.0, 0.20067047547098543)	(6.0, 0.09915482317389868)	(7.0, 0.17076663991060329)	(8.0, 0.13220643089853157)	(9.0, 0.21247462108692572)	('>10', 1.9854572926011615)	('>50', 1.5211608983741756)	('>100', 2.677967168736327)	('>500', 1.0403387002848734)	('>1k', 1.2071706249901633)	('>5k', 0.0)	('>10k+', 89.36210397091459)
3Q_2	(1.0, 0.7491697750916788)	(2.0, 0.22349182366180337)	(3.0, 0.17234052599272864)	(4.0, 0.17942301336229285)	(5.0, 0.13378031698065695)	(6.0, 0.13220643089853157)	(7.0, 0.09364622188645985)	(8.0, 0.11331979791302707)	(9.0, 0.12748477265215544)	('>10', 1.482600689362104)	('>50', 0.4076364952704723)	('>100', 1.4849615184852922)	('>500', 0.0)	('>1k', 5.92882887136629)	('>5k', 0.0)	('>10k+', 88.77110974707651)
3Z_1	(1.0, 0.4257745675727048)	(2.0, 0.23873788253183803)	(3.0, 0.20300323132484316)	(4.0, 0.23417601216498765)	(5.0, 0.18247481467401633)	(6.0, 0.17791294430716595)	(7.0, 0.1649876449344231)	(8.0, 0.08515491351454095)	(9.0, 0.11632769435468542)	('>10', 1.9950579737692455)	('>50', 1.280364949629348)	('>100', 2.4177912944307165)	('>500', 0.9853639992396882)	('>1k', 0.0)	('>5k', 0.0)	('>10k+', 91.4928720775518)
3Z_2	(1.0, 0.6226953050750808)	(2.0, 0.22201102452005322)	(3.0, 0.15054172210606348)	(4.0, 0.1490210986504467)	(5.0, 0.11784831781030222)	(6.0, 0.13229424063866185)	(7.0, 0.1064436418931762)	(8.0, 0.12773237027181145)	(9.0, 0.08895647215358297)	('>10', 1.4483938414750046)	('>50', 0.4425014255844896)	('>100', 0.9085725147310397)	('>500', 0.0)	('>1k', 0.9838433757840714)	('>5k', 5.266679338528797)	('>10k+', 89.23246531077741)
4D_1	(1.0, 0.6846794297578623)	(2.0, 0.3472005221895854)	(3.0, 0.2687332041747391)	(4.0, 0.1944322924261678)	(5.0, 0.19790429764806367)	(6.0, 0.16248984438472597)	(7.0, 0.16526744856224265)	(8.0, 0.1444354172308675)	(9.0, 0.16248984438472597)	('>10', 1.9783485754362575)	('>50', 1.4637974015512918)	('>100', 2.8907915477504877)	('>500', 1.899186856377032)	('>1k', 2.184585685616871)	('>5k', 0.0)	('>10k+', 87.25565763250907)
4D_2	(1.0, 0.7527307321070211)	(2.0, 0.24581796971022643)	(3.0, 0.1895714851155136)	(4.0, 0.15276822976341756)	(5.0, 0.1492962245415217)	(6.0, 0.14165781305335085)	(7.0, 0.09235533890242971)	(8.0, 0.1611010422959676)	(9.0, 0.06249609399412537)	('>10', 1.6221208396697429)	('>50', 0.40483580887305654)	('>100', 1.6172600323590887)	('>500', 0.6124617211424286)	('>1k', 3.3477074349519818)	('>5k', 5.682978147199133)	('>10k+', 84.764841086321)
4Q_1	(1.0, 0.889625786668093)	(2.0, 0.41539640940614364)	(3.0, 0.34497512969995187)	(4.0, 0.28881638765577367)	(5.0, 0.19165284983330658)	(6.0, 0.19254425843718245)	(7.0, 0.14351678522401098)	(8.0, 0.1854129896061757)	(9.0, 0.10429480665347382)	('>10', 2.307856875434562)	('>50', 1.44586475548662)	('>100', 3.528195254140593)	('>500', 0.5348451623255068)	('>1k', 5.1567987734217615)	('>5k', 0.0)	('>10k+', 84.27020377600685)
4Q_2	(1.0, 0.8958656468952239)	(2.0, 0.33873526947282095)	(3.0, 0.2593999037278708)	(4.0, 0.19254425843718245)	(5.0, 0.18719580681392736)	(6.0, 0.15510509707439696)	(7.0, 0.23087482840384374)	(8.0, 0.1497566454511419)	(9.0, 0.12034016152323902)	('>10', 1.2987823358471056)	('>50', 0.6213117969014637)	('>100', 1.7917312937904477)	('>500', 1.4806296910377779)	('>1k', 9.215382146868482)	('>5k', 0.0)	('>10k+', 83.06234511775507)
4Z_1	(1.0, 0.5119191297374794)	(2.0, 0.2559595648687397)	(3.0, 0.22841961168666014)	(4.0, 0.18467968604453372)	(5.0, 0.14984974525543307)	(6.0, 0.19925966125857586)	(7.0, 0.17009971083049158)	(8.0, 0.07775986780822472)	(9.0, 0.1166398017123371)	('>10', 1.8516568521833514)	('>50', 1.6143272556436654)	('>100', 2.1059964198060865)	('>500', 1.4393675530751597)	('>1k', 0.0)	('>5k', 0.0)	('>10k+', 91.09406514008927)
4Z_2	(1.0, 0.6739188543379476)	(2.0, 0.19115967502855244)	(3.0, 0.19925966125857586)	(4.0, 0.19115967502855244)	(5.0, 0.10934981410531602)	(6.0, 0.17981969430651967)	(7.0, 0.03401994216609831)	(8.0, 0.0971998347602809)	(9.0, 0.1166398017123371)	('>10', 1.4579975214042136)	('>50', 0.4349692605522571)	('>100', 0.7856986643122706)	('>500', 1.1728780061073896)	('>1k', 0.0)	('>5k', 5.388920838834574)	('>10k+', 88.96700875608512)
PBSD_1	(1.0, 1.4488570768875548)	(2.0, 1.454629415839298)	(3.0, 0.7792657584853382)	(4.0, 0.5541445393673516)	(5.0, 0.2886169475871623)	(6.0, 0.4848764719464327)	(7.0, 0.2828446086354191)	(8.0, 0.1385361348418379)	(9.0, 0.15585315169706765)	('>10', 3.5211267605633805)	('>50', 1.6855229739090278)	('>100', 3.8501500808127456)	('>500', 3.728930962826137)	('>1k', 12.739552066497344)	('>5k', 0.0)	('>10k+', 68.8870930501039)
PBSD_2	(1.0, 1.5412145001154467)	(2.0, 0.9235742322789194)	(3.0, 0.5714615562225813)	(4.0, 0.5079658277534056)	(5.0, 0.43292542138074347)	(6.0, 0.20780420226275687)	(7.0, 0.2020318633110136)	(8.0, 0.1385361348418379)	(9.0, 0.15585315169706765)	('>10', 2.4070653428769337)	('>50', 0.5310551835603787)	('>100', 4.190718078965597)	('>500', 3.728930962826137)	('>1k', 12.751096744400831)	('>5k', 0.0)	('>10k+', 71.70976679750635)
PBSQ_1	(1.0, 5.222602739726027)	(2.0, 4.10958904109589)	(3.0, 1.9263698630136987)	(4.0, 1.7123287671232876)	(5.0, 0.9631849315068494)	(6.0, 0.7705479452054794)	(7.0, 0.14982876712328766)	(8.0, 0.3424657534246575)	(9.0, 0.3852739726027397)	('>10', 6.035958904109589)	('>50', 6.549657534246575)	('>100', 21.06164383561644)	('>500', 16.673801369863014)	('>1k', 34.096746575342465)	('>5k', 0.0)	('>10k+', 0.0)
PBSQ_2	(1.0, 3.3818493150684934)	(2.0, 3.0821917808219177)	(3.0, 1.2200342465753424)	(4.0, 0.5993150684931506)	(5.0, 0.21404109589041095)	(6.0, 0.2568493150684931)	(7.0, 0.2996575342465753)	(8.0, 0.17123287671232876)	(9.0, 0.19263698630136986)	('>10', 3.2534246575342465)	('>50', 6.142979452054795)	('>100', 25.34246575342466)	('>500', 16.60958904109589)	('>1k', 39.23373287671233)	('>5k', 0.0)	('>10k+', 0.0)
PBSZ_1	(1.0, 0.6976781145209223)	(2.0, 0.5435214468477345)	(3.0, 0.3575798992419306)	(4.0, 0.2733499674204981)	(5.0, 0.20660171956200435)	(6.0, 0.2002447435754811)	(7.0, 0.14462120369340303)	(8.0, 0.13985347170351062)	(9.0, 0.14303195969677224)	('>10', 2.353670359010219)	('>50', 1.361982105112598)	('>100', 1.7513468842871447)	('>500', 5.093527009201723)	('>1k', 0.0)	('>5k', 0.0)	('>10k+', 86.73299111612606)
PBSZ_2	(1.0, 0.8232283902547557)	(2.0, 0.38141855919139267)	(3.0, 0.24792206347440524)	(4.0, 0.20978020755526597)	(5.0, 0.19070927959569633)	(6.0, 0.1811738156159115)	(7.0, 0.01112470797641562)	(8.0, 0.13985347170351062)	(9.0, 0.042909587909031675)	('>10', 1.6321535845398343)	('>50', 0.45134529504314796)	('>100', 1.854647744068147)	('>500', 3.7204201961127095)	('>1k', 1.732275956327575)	('>5k', 0.0)	('>10k+', 88.3810371406322)
ST1D_1	(1.0, 0.6181525781485576)	(2.0, 0.28574300360409516)	(3.0, 0.23907643266372786)	(4.0, 0.20389701764714327)	(5.0, 0.16153813017819452)	(6.0, 0.15507660497106673)	(7.0, 0.15579455221630314)	(8.0, 0.17805091681863217)	(9.0, 0.13569202934968339)	('>10', 2.616917708886751)	('>50', 1.6484068750628202)	('>100', 2.011688181152449)	('>500', 1.64050945536522)	('>1k', 1.310971669801703)	('>5k', 0.0)	('>10k+', 88.63848484413366)
ST1D_2	(1.0, 0.6612294128627428)	(2.0, 0.2225636460232902)	(3.0, 0.19599959794954266)	(4.0, 0.1866662837614692)	(5.0, 0.1507689214996482)	(6.0, 0.14215355455681117)	(7.0, 0.12061513719971856)	(8.0, 0.09189724739026177)	(9.0, 0.13569202934968339)	('>10', 1.93127808968597)	('>50', 0.5571270623034619)	('>100', 1.2054334247519494)	('>500', 0.4637939204227274)	('>1k', 2.1495340522378417)	('>5k', 3.9982482087216233)	('>10k+', 87.78699941128326)
ST1Q_1	(1.0, 0.5696025678686832)	(2.0, 0.2436036139312608)	(3.0, 0.20204770331945748)	(4.0, 0.2149443652334654)	(5.0, 0.17195549218677234)	(6.0, 0.18055326679611094)	(7.0, 0.15046105566342577)	(8.0, 0.09744144557250431)	(9.0, 0.16120827392509907)	('>10', 2.614439962456384)	('>50', 1.548315910898396)	('>100', 2.670325497417085)	('>500', 1.0317329531206338)	('>1k', 0.9844451927692714)	('>5k', 0.0)	('>10k+', 89.15892269884145)
ST1Q_2	(1.0, 0.6047101475234826)	(2.0, 0.2249751022776938)	(3.0, 0.1977488160147882)	(4.0, 0.16049179270765415)	(5.0, 0.12896661914007923)	(6.0, 0.14616216835875648)	(7.0, 0.130399581574969)	(8.0, 0.08597774609338617)	(9.0, 0.1354149500970832)	('>10', 1.8599852404869208)	('>50', 0.43418761777160014)	('>100', 1.1606995722607132)	('>500', 0.6412506896131718)	('>1k', 1.9631585357989838)	('>5k', 3.590287380616317)	('>10k+', 88.5355840396644)
ST1Z_1	(1.0, 0.5240688944501694)	(2.0, 0.2693949654055645)	(3.0, 0.17002796996908584)	(4.0, 0.18842926542028557)	(5.0, 0.1656116590607979)	(6.0, 0.1722361254232298)	(7.0, 0.19578978360076552)	(8.0, 0.15309877815398204)	(9.0, 0.11261592816134255)	('>10', 2.6313852495215664)	('>50', 1.3955542470189901)	('>100', 2.2869129986751067)	('>500', 1.3109082879434713)	('>1k', 0.0)	('>5k', 0.0)	('>10k+', 90.42396584719565)
ST1Z_2	(1.0, 0.6447813926100397)	(2.0, 0.22081554541439719)	(3.0, 0.2097747681436773)	(4.0, 0.15898719269836598)	(5.0, 0.15825114088031797)	(6.0, 0.09274252907404681)	(7.0, 0.15457088179007802)	(8.0, 0.13543353452083026)	(9.0, 0.11924039452377447)	('>10', 1.9586338878257028)	('>50', 0.3724422199322832)	('>100', 1.0709553952598263)	('>500', 0.5100839099072575)	('>1k', 0.9517150007360519)	('>5k', 3.817164728396879)	('>10k+', 89.42440747828647)
ST2D_1	(1.0, 0.5742655483104429)	(2.0, 0.30976392876844083)	(3.0, 0.19731537928400683)	(4.0, 0.16124697661918838)	(5.0, 0.17680589541577674)	(6.0, 0.14851695214925248)	(7.0, 0.18812147272238647)	(8.0, 0.13578692767931655)	(9.0, 0.1209352324643913)	('>10', 2.5806588494886773)	('>50', 1.705823278971414)	('>100', 2.003564406851582)	('>500', 1.6202492255901781)	('>1k', 1.0396186650447674)	('>5k', 0.0)	('>10k+', 89.03732726064018)
ST2D_2	(1.0, 0.6428662357317643)	(2.0, 0.22772599329552046)	(3.0, 0.1527602936392311)	(4.0, 0.15841808229253598)	(5.0, 0.16619754169083015)	(6.0, 0.1315435861893379)	(7.0, 0.13861582200596897)	(8.0, 0.1527602936392311)	(9.0, 0.10820520799445536)	('>10', 1.7560361532694948)	('>50', 0.5565849587688652)	('>100', 1.1619683446724847)	('>500', 1.1273143891709925)	('>1k', 1.1322649542426342)	('>5k', 4.553105418747083)	('>10k+', 87.83363272464956)
ST2Q_1	(1.0, 0.6578947368421052)	(2.0, 0.3081885539090444)	(3.0, 0.25150102197240676)	(4.0, 0.21078180889115994)	(5.0, 0.20758814512008175)	(6.0, 0.2012008175779254)	(7.0, 0.16766734798160451)	(8.0, 0.07664793050587634)	(9.0, 0.14371486969851816)	('>10', 2.710622125702606)	('>50', 1.606412876852325)	('>100', 2.2970426673479816)	('>500', 1.5704841594276955)	('>1k', 1.3125958099131323)	('>5k', 0.0)	('>10k+', 88.27765712825753)
ST2Q_2	(1.0, 0.6562979049565661)	(2.0, 0.25868676545733266)	(3.0, 0.18682933060807358)	(4.0, 0.1660705160960654)	(5.0, 0.18762774655084313)	(6.0, 0.14850536535513542)	(7.0, 0.08942258559018906)	(8.0, 0.12135922330097086)	(9.0, 0.13652912621359223)	('>10', 1.9816683699540112)	('>50', 0.556495912110373)	('>100', 1.042731221257026)	('>500', 0.6874361267245784)	('>1k', 5.5513860500766485)	('>5k', 0.0)	('>10k+', 88.22895375574859)
ST2Z_1	(1.0, 0.5534192269573835)	(2.0, 0.2410307234886026)	(3.0, 0.21407333994053518)	(4.0, 0.15857284440039643)	(5.0, 0.19425173439048563)	(6.0, 0.19028741328047571)	(7.0, 0.16650148662041625)	(8.0, 0.13320118929633298)	(9.0, 0.09990089197224976)	('>10', 2.493557978196234)	('>50', 1.6705649157581763)	('>100', 2.6560951437066405)	('>500', 0.9514370664023787)	('>1k', 0.0)	('>5k', 0.0)	('>10k+', 90.27710604558969)
ST2Z_2	(1.0, 0.5914767096134788)	(2.0, 0.18711595639246778)	(3.0, 0.16174430128840436)	(4.0, 0.19345887016848365)	(5.0, 0.13875123885034688)	(6.0, 0.10941526263627355)	(7.0, 0.12765113974231912)	(8.0, 0.12685827552031714)	(9.0, 0.07849355797819622)	('>10', 1.7847373637264619)	('>50', 0.5177403369672944)	('>100', 1.5984142715559961)	('>500', 0.7341922695738354)	('>1k', 3.30782953419227)	('>5k', 0.0)	('>10k+', 90.34212091179386)
ST3D_1	(1.0, 0.6115838815458587)	(2.0, 0.2588501954788393)	(3.0, 0.187096384815016)	(4.0, 0.23604991919313847)	(5.0, 0.17100207214275656)	(6.0, 0.1810610175629187)	(7.0, 0.1314368868234521)	(8.0, 0.10729541781506294)	(9.0, 0.10863661053775121)	('>10', 2.420182268091013)	('>50', 1.6872204451418646)	('>100', 2.8460109575445443)	('>500', 0.7778917791592063)	('>1k', 1.090389683545577)	('>5k', 0.0)	('>10k+', 89.185292480603)
ST3D_2	(1.0, 0.5787246598399958)	(2.0, 0.18374340300829528)	(3.0, 0.15691954855452953)	(4.0, 0.19581413751248986)	(5.0, 0.1609431267225944)	(6.0, 0.10863661053775121)	(7.0, 0.11735436323522508)	(8.0, 0.09656587603355664)	(9.0, 0.10863661053775121)	('>10', 1.8991288953266139)	('>50', 0.4734410311089652)	('>100', 1.5564541546797566)	('>500', 0.0)	('>1k', 1.9702121096290932)	('>5k', 4.821587838064391)	('>10k+', 87.571837635209)
ST3Q_1	(1.0, 0.6190586425515073)	(2.0, 0.32110400035844167)	(3.0, 0.23970787003502275)	(4.0, 0.18519486532300822)	(5.0, 0.16055200017922083)	(6.0, 0.14337666992749024)	(7.0, 0.08886366521547573)	(8.0, 0.16129875366842653)	(9.0, 0.16129875366842653)	('>10', 2.6031826633709945)	('>50', 1.785487592690777)	('>100', 2.6711372308887116)	('>500', 0.9924353871543464)	('>1k', 1.2694809316496531)	('>5k', 0.0)	('>10k+', 88.59782097331849)
ST3Q_2	(1.0, 0.6332469588464151)	(2.0, 0.2583767072651647)	(3.0, 0.20386370255315017)	(4.0, 0.16727278158207196)	(5.0, 0.15308446528716407)	(6.0, 0.15233771179795838)	(7.0, 0.12545458618655395)	(8.0, 0.12545458618655395)	(9.0, 0.09409093963991547)	('>10', 1.9019811370068627)	('>50', 0.40548714463868335)	('>100', 1.202273117621142)	('>500', 0.5914287634508972)	('>1k', 5.649936899330163)	('>5k', 0.0)	('>10k+', 88.3357104986073)
ST3Z_1	(1.0, 0.46507392398805764)	(2.0, 0.245871249325155)	(3.0, 0.16976824358165463)	(4.0, 0.16131235405459904)	(5.0, 0.15610872973025713)	(6.0, 0.0975679560814107)	(7.0, 0.1229356246625775)	(8.0, 0.15610872973025713)	(9.0, 0.13464377939234679)	('>10', 2.3643968023728528)	('>50', 1.5942604023702507)	('>100', 1.8563929777089743)	('>500', 1.991036757101321)	('>1k', 0.0)	('>5k', 0.0)	('>10k+', 90.48452246990028)
ST3Z_2	(1.0, 0.5294687750017888)	(2.0, 0.18863138175739402)	(3.0, 0.1522060114870007)	(4.0, 0.16391416621677)	(5.0, 0.10732475168955177)	(6.0, 0.10147067432466712)	(7.0, 0.09561659695978249)	(8.0, 0.13529423243288952)	(9.0, 0.12878970202746212)	('>10', 1.872003850682)	('>50', 0.3889709182445573)	('>100', 0.9652723121654232)	('>500', 0.7434678253403495)	('>1k', 0.6582584770292509)	('>5k', 3.4890301094712464)	('>10k+', 90.28028021516987)
ST4D_1	(1.0, 0.5326606826967175)	(2.0, 0.26862346851863983)	(3.0, 0.22210574592150956)	(4.0, 0.16510515626023717)	(5.0, 0.16051890191967502)	(6.0, 0.12972547991875777)	(7.0, 0.1146563585140536)	(8.0, 0.1415187053659176)	(9.0, 0.10024241630085828)	('>10', 2.4353010548384986)	('>50', 1.8135360020965736)	('>100', 2.211884950533971)	('>500', 1.1609775273537313)	('>1k', 0.7678700124484047)	('>5k', 0.0)	('>10k+', 89.77527353731244)
ST4D_2	(1.0, 0.5844198388259189)	(2.0, 0.20310554936775208)	(3.0, 0.1375876302168643)	(4.0, 0.16772587302627268)	(5.0, 0.17689838170739697)	(6.0, 0.11400117932254472)	(7.0, 0.16510515626023717)	(8.0, 0.07862150298106532)	(9.0, 0.09434580357727838)	('>10', 1.9098473432483782)	('>50', 0.65386883312586)	('>100', 1.1688396776518377)	('>500', 0.0)	('>1k', 1.5422918168118982)	('>5k', 4.85684334665531)	('>10k+', 88.14649806722139)
ST4Q_1	(1.0, 0.5424403595533576)	(2.0, 0.2674877919815869)	(3.0, 0.17728842026686573)	(4.0, 0.16173680445398275)	(5.0, 0.19284003607974867)	(6.0, 0.16049267518895213)	(7.0, 0.13498802525582407)	(8.0, 0.17915461416441167)	(9.0, 0.07838014369693011)	('>10', 2.440981617990109)	('>50', 1.3896923890392212)	('>100', 2.8048894280115704)	('>500', 1.1489533762557929)	('>1k', 0.9442941121582532)	('>5k', 0.0)	('>10k+', 89.37638020590339)
ST4Q_2	(1.0, 0.5617243631613325)	(2.0, 0.1891076482846568)	(3.0, 0.17915461416441167)	(4.0, 0.17168983857422784)	(5.0, 0.10886131069018071)	(6.0, 0.11943640944294112)	(7.0, 0.1654691922490747)	(8.0, 0.1293894435631862)	(9.0, 0.10637305216011944)	('>10', 1.8612173804858325)	('>50', 0.47650150850673384)	('>100', 1.2347982955429069)	('>500', 0.3950110416472271)	('>1k', 1.6957481882367578)	('>5k', 3.554477310192529)	('>10k+', 89.05104040309789)
ST4Z_1	(1.0, 0.4377307180811412)	(2.0, 0.203956274637262)	(3.0, 0.16638538194092423)	(4.0, 0.2051490013895267)	(5.0, 0.1550544777944097)	(6.0, 0.16101811155573312)	(7.0, 0.10436359082316037)	(8.0, 0.1526690242898803)	(9.0, 0.08587632616305767)	('>10', 2.5041298163797165)	('>50', 0.9297305033903257)	('>100', 2.427198940858644)	('>500', 2.0079554874376053)	('>1k', 0.0)	('>5k', 0.0)	('>10k+', 90.45878234525861)
ST4Z_2	(1.0, 0.5605815735644042)	(2.0, 0.16936719882158596)	(3.0, 0.10555631757542507)	(4.0, 0.12642903574005712)	(5.0, 0.14014539339110105)	(6.0, 0.16101811155573312)	(7.0, 0.10018904719023396)	(8.0, 0.10495995419929272)	(9.0, 0.1180799484742043)	('>10', 1.7670246834801382)	('>50', 0.4007561887609358)	('>100', 1.2964939797117179)	('>500', 0.3572216623032747)	('>1k', 0.9851922973706339)	('>5k', 3.2680713012052505)	('>10k+', 90.33891330665601)
STD_1	(1.0, 0.7930174205005427)	(2.0, 0.3652337711824803)	(3.0, 0.28039600543536874)	(4.0, 0.24732365607632525)	(5.0, 0.19052549087275056)	(6.0, 0.16392381856221555)	(7.0, 0.09058947867911914)	(8.0, 0.13228939743617396)	(9.0, 0.08411880163061061)	('>10', 2.641474164024473)	('>50', 2.1561733853863356)	('>100', 4.3504518689472205)	('>500', 2.2748024646089915)	('>1k', 8.024358504267052)	('>5k', 0.0)	('>10k+', 78.20532177239033)
STD_2	(1.0, 0.8713845091991459)	(2.0, 0.29046150306638197)	(3.0, 0.25019951254232903)	(4.0, 0.19555823968825714)	(5.0, 0.14738764388269382)	(6.0, 0.15098246446519853)	(7.0, 0.1409169668341853)	(8.0, 0.13228939743617396)	(9.0, 0.11647218687315317)	('>10', 2.186369878279375)	('>50', 0.8907965403446714)	('>100', 3.8543666285615688)	('>500', 4.833595755235856)	('>1k', 7.510299160968876)	('>5k', 5.582756364629842)	('>10k+', 72.8461632479923)
STQ_1	(1.0, 0.7878312472289486)	(2.0, 0.45564612393847415)	(3.0, 0.3274103884587838)	(4.0, 0.26192831076702705)	(5.0, 0.23873674158452987)	(6.0, 0.1841683435080659)	(7.0, 0.21963780225776747)	(8.0, 0.1909893932676239)	(9.0, 0.10436206132123733)	('>10', 2.6745336107226905)	('>50', 1.5354183008765048)	('>100', 2.429657924354558)	('>500', 1.1807237133794892)	('>1k', 14.476996009685891)	('>5k', 8.932164660141195)	('>10k+', 65.99979536850721)
STQ_2	(1.0, 0.8833259438627604)	(2.0, 0.4147198253811262)	(3.0, 0.2803451451178336)	(4.0, 0.22373043211350224)	(5.0, 0.2080420176665189)	(6.0, 0.1677978240851267)	(7.0, 0.13846731011902733)	(8.0, 0.12550731557586714)	(9.0, 0.1718904539408615)	('>10', 1.657515091572593)	('>50', 0.5245387265100099)	('>100', 2.279594829644282)	('>500', 2.3212032331775863)	('>1k', 11.271784727669589)	('>5k', 7.6095631117629)	('>10k+', 71.72197401180041)
STZ_1	(1.0, 0.7563062861239302)	(2.0, 0.44804874770375014)	(3.0, 0.3467897307227026)	(4.0, 0.2329853488059501)	(5.0, 0.19714144898965008)	(6.0, 0.22581656884269008)	(7.0, 0.18190779156772258)	(8.0, 0.10036291948564004)	(9.0, 0.13710291679734757)	('>10', 2.867511985304001)	('>50', 1.1183296742685604)	('>100', 3.185626596173664)	('>500', 2.285048613289126)	('>1k', 2.3056588556834985)	('>5k', 11.878668399121825)	('>10k+', 73.73269411711995)
STZ_2	(1.0, 0.9122272503248353)	(2.0, 0.45880191764864015)	(3.0, 0.39517899547470764)	(4.0, 0.2580760786773601)	(5.0, 0.2150633988978001)	(6.0, 0.19893364398046506)	(7.0, 0.10663560195349255)	(8.0, 0.12903803933868005)	(9.0, 0.12097316188001254)	('>10', 1.3656525830010304)	('>50', 0.30736144092477263)	('>100', 2.320892513105426)	('>500', 2.829875890496886)	('>1k', 17.546485057574266)	('>5k', 16.133339307316636)	('>10k+', 56.70146511940499)
